32 1.5
32 1.5
32 1.5
32 1.5
32 1.5
32 1.5
32 1.5
32 1.5
32 1.5
32 1.5
32 1.5
32 1.5
32 1.5
32 1.5
32 1.5
32 1.5
32 1.5
32 1.5
32 1.5
32 1.5
32 1.5
32 1.5
32 1.5
32 1.5
32 1.5
32 1.5
32 1.5
32 1.5
32 1.5
32 1.5
32 2.5
32 2.5
32 2.5
32 2.5
32 2.5
32 2.5
32 2.5
32 2.5
32 2.5
32 2.5
32 2.5
32 2.5
32 2.5
32 2.5
32 2.5
32 2.5
32 2.5
32 2.5
32 2.5
32 2.5
32 2.5
32 2.5
32 2.5
32 3.5
32 3.5
32 3.5
32 3.5
32 3.5
32 3.5
32 3.5
32 3.5
32 4.5
32 4.5
32 4.5
32 4.5
32 4.5
32 4.5
32 4.5
32 4.5
32 4.5
32 4.5
32 4.5
32 4.5
32 4.5
32 4.5
32 4.5
32 5.5
32 5.5
32 5.5
32 5.5
32 5.5
32 5.5
32 5.5
32 5.5
32 5.5
32 5.5
32 6.5
32 6.5
32 6.5
32 6.5
32 6.5
32 6.5
32 6.5
32 6.5
32 6.5
32 7.5
32 7.5
32 7.5
32 7.5
32 7.5
32 7.5
32 8.5
32 8.5
32 8.5
32 8.5
32 9.5
32 9.5
32 9.5
32 9.5
32 9.5
32 9.5
32 9.5
32 9.5
32 10.5
32 10.5
32 10.5
32 10.5
32 11.5
32 11.5
32 11.5
32 11.5
32 12.5
32 12.5
32 12.5
32 12.5
32 13.5
32 13.5
32 13.5
32 13.5
32 13.5
32 13.5
32 14.5
32 14.5
32 14.5
32 14.5
32 15.5
32 15.5
32 15.5
32 16.5
32 16.5
32 16.5
32 16.5
32 17.5
32 17.5
32 17.5
32 17.5
32 17.5
32 17.5
32 18.5
32 18.5
32 19.5
32 19.5
32 20.5
32 20.5
32 21.5
32 21.5
32 22.5
32 22.5
32 22.5
32 23.5
32 23.5
32 26.5
32 26.5
32 26.5
32 26.5
32 27.5
32 27.5
32 27.5
32 28.5
32 28.5
32 29.5
32 29.5
32 30.5
32 30.5
32 32.5
32 32.5
32 33.5
32 33.5
32 33.5
32 34.5
32 34.5
32 35.5
32 35.5
32 35.5
32 36.5
32 36.5
32 39.5
32 39.5
32 40.5
32 40.5
32 40.5
32 45.5
32 45.5
32 46.5
32 46.5
32 47.5
32 47.5
32 47.5
32 47.5
32 51.5
32 51.5
32 54.5
32 54.5
32 57.5
32 57.5
32 59.5
32 59.5
32 59.5
32 66.5
32 66.5
32 72.5
32 72.5
32 72.5
32 75.5
32 75.5
32 77.5
32 77.5
32 78.5
32 78.5
32 78.5
32 79.5
32 79.5
32 79.5
32 84.5
32 84.5
32 87.5
32 87.5
32 101.5
32 101.5
32 102.5
32 102.5
32 103.5
32 103.5
32 108.5
32 108.5
32 112.5
32 112.5
32 115.5
32 115.5
32 121.5
32 121.5
32 148.5
32 148.5
32 154.5
32 154.5
32 171.5
32 171.5
32 183.5
32 183.5
32 194.5
32 194.5
32 246.5
32 246.5
32 270.5
32 270.5
32 290.5
32 290.5
32 427.5
32 427.5
32 541.5
32 541.5
32 626.5
32 626.5
32 709.5
32 709.5
32 772.5
32 772.5
32 893.5
32 893.5
32 1544.5
32 1544.5
32 1996.5
32 1996.5
36 1.5
36 1.5
36 1.5
36 1.5
36 1.5
36 1.5
36 1.5
36 1.5
36 1.5
36 1.5
36 1.5
36 1.5
36 1.5
36 1.5
36 1.5
36 1.5
36 1.5
36 1.5
36 1.5
36 1.5
36 1.5
36 1.5
36 1.5
36 1.5
36 1.5
36 1.5
36 1.5
36 1.5
36 1.5
36 1.5
36 1.5
36 1.5
36 2.5
36 2.5
36 2.5
36 2.5
36 2.5
36 2.5
36 2.5
36 2.5
36 2.5
36 2.5
36 2.5
36 2.5
36 2.5
36 3.5
36 3.5
36 3.5
36 3.5
36 3.5
36 3.5
36 3.5
36 3.5
36 3.5
36 3.5
36 3.5
36 3.5
36 3.5
36 3.5
36 4.5
36 4.5
36 4.5
36 4.5
36 4.5
36 4.5
36 4.5
36 4.5
36 4.5
36 4.5
36 4.5
36 4.5
36 4.5
36 4.5
36 4.5
36 4.5
36 5.5
36 5.5
36 5.5
36 5.5
36 5.5
36 5.5
36 5.5
36 5.5
36 6.5
36 6.5
36 6.5
36 6.5
36 6.5
36 6.5
36 6.5
36 6.5
36 6.5
36 6.5
36 6.5
36 6.5
36 6.5
36 6.5
36 6.5
36 6.5
36 7.5
36 7.5
36 7.5
36 7.5
36 7.5
36 7.5
36 8.5
36 8.5
36 8.5
36 8.5
36 8.5
36 8.5
36 9.5
36 9.5
36 9.5
36 9.5
36 9.5
36 9.5
36 10.5
36 10.5
36 10.5
36 10.5
36 10.5
36 11.5
36 11.5
36 11.5
36 11.5
36 11.5
36 11.5
36 12.5
36 12.5
36 12.5
36 12.5
36 12.5
36 12.5
36 12.5
36 13.5
36 13.5
36 13.5
36 13.5
36 14.5
36 14.5
36 14.5
36 14.5
36 15.5
36 15.5
36 15.5
36 16.5
36 16.5
36 16.5
36 16.5
36 17.5
36 17.5
36 17.5
36 17.5
36 17.5
36 17.5
36 17.5
36 17.5
36 18.5
36 18.5
36 19.5
36 19.5
36 19.5
36 19.5
36 20.5
36 20.5
36 21.5
36 21.5
36 21.5
36 22.5
36 22.5
36 22.5
36 22.5
36 23.5
36 23.5
36 23.5
36 23.5
36 24.5
36 24.5
36 24.5
36 25.5
36 25.5
36 27.5
36 27.5
36 28.5
36 28.5
36 29.5
36 29.5
36 30.5
36 30.5
36 30.5
36 30.5
36 32.5
36 32.5
36 33.5
36 33.5
36 33.5
36 37.5
36 37.5
36 37.5
36 37.5
36 39.5
36 39.5
36 41.5
36 41.5
36 41.5
36 41.5
36 41.5
36 42.5
36 42.5
36 44.5
36 44.5
36 44.5
36 47.5
36 47.5
36 47.5
36 48.5
36 48.5
36 50.5
36 50.5
36 53.5
36 53.5
36 54.5
36 54.5
36 55.5
36 55.5
36 55.5
36 56.5
36 56.5
36 57.5
36 57.5
36 59.5
36 59.5
36 59.5
36 71.5
36 71.5
36 71.5
36 80.5
36 80.5
36 82.5
36 82.5
36 83.5
36 83.5
36 96.5
36 96.5
36 97.5
36 97.5
36 98.5
36 98.5
36 104.5
36 104.5
36 111.5
36 111.5
36 112.5
36 112.5
36 151.5
36 151.5
36 159.5
36 159.5
36 168.5
36 168.5
36 175.5
36 175.5
36 238.5
36 238.5
36 258.5
36 258.5
36 310.5
36 310.5
36 314.5
36 314.5
36 322.5
36 322.5
36 414.5
36 414.5
36 471.5
36 471.5
36 664.5
36 664.5
36 761.5
36 761.5
36 1133.5
36 1133.5
36 1152.5
36 1152.5
40 1.5
40 1.5
40 1.5
40 1.5
40 1.5
40 1.5
40 1.5
40 1.5
40 1.5
40 1.5
40 1.5
40 1.5
40 1.5
40 1.5
40 1.5
40 1.5
40 1.5
40 1.5
40 1.5
40 1.5
40 1.5
40 1.5
40 1.5
40 2.5
40 2.5
40 2.5
40 2.5
40 2.5
40 2.5
40 2.5
40 2.5
40 2.5
40 2.5
40 2.5
40 2.5
40 2.5
40 2.5
40 2.5
40 2.5
40 3.5
40 3.5
40 3.5
40 3.5
40 3.5
40 3.5
40 3.5
40 3.5
40 3.5
40 3.5
40 3.5
40 3.5
40 3.5
40 3.5
40 3.5
40 3.5
40 4.5
40 4.5
40 4.5
40 4.5
40 4.5
40 4.5
40 4.5
40 4.5
40 4.5
40 4.5
40 4.5
40 4.5
40 4.5
40 4.5
40 4.5
40 5.5
40 5.5
40 5.5
40 5.5
40 5.5
40 5.5
40 5.5
40 5.5
40 5.5
40 5.5
40 5.5
40 5.5
40 5.5
40 5.5
40 6.5
40 6.5
40 6.5
40 6.5
40 6.5
40 6.5
40 6.5
40 6.5
40 6.5
40 6.5
40 6.5
40 6.5
40 6.5
40 7.5
40 7.5
40 7.5
40 7.5
40 7.5
40 7.5
40 7.5
40 7.5
40 7.5
40 8.5
40 8.5
40 8.5
40 8.5
40 8.5
40 8.5
40 9.5
40 9.5
40 9.5
40 9.5
40 9.5
40 9.5
40 10.5
40 10.5
40 10.5
40 10.5
40 10.5
40 10.5
40 10.5
40 10.5
40 10.5
40 10.5
40 11.5
40 11.5
40 11.5
40 11.5
40 11.5
40 12.5
40 12.5
40 12.5
40 12.5
40 12.5
40 13.5
40 13.5
40 13.5
40 13.5
40 14.5
40 14.5
40 14.5
40 14.5
40 14.5
40 14.5
40 14.5
40 15.5
40 15.5
40 15.5
40 15.5
40 16.5
40 16.5
40 16.5
40 16.5
40 16.5
40 16.5
40 17.5
40 17.5
40 18.5
40 18.5
40 18.5
40 19.5
40 19.5
40 20.5
40 20.5
40 20.5
40 21.5
40 21.5
40 21.5
40 22.5
40 22.5
40 23.5
40 23.5
40 23.5
40 24.5
40 24.5
40 24.5
40 27.5
40 27.5
40 28.5
40 28.5
40 34.5
40 34.5
40 34.5
40 39.5
40 39.5
40 46.5
40 46.5
40 47.5
40 47.5
40 52.5
40 52.5
40 55.5
40 55.5
40 59.5
40 59.5
40 59.5
40 62.5
40 62.5
40 63.5
40 63.5
40 78.5
40 78.5
40 79.5
40 79.5
40 81.5
40 81.5
40 86.5
40 86.5
40 94.5
40 94.5
40 98.5
40 98.5
40 107.5
40 107.5
40 129.5
40 129.5
40 144.5
40 144.5
40 148.5
40 148.5
40 150.5
40 150.5
40 164.5
40 164.5
40 220.5
40 220.5
40 268.5
40 268.5
40 295.5
40 295.5
40 297.5
40 297.5
40 315.5
40 315.5
40 342.5
40 342.5
40 353.5
40 353.5
40 388.5
40 388.5
40 522.5
40 522.5
40 529.5
40 529.5
40 744.5
40 744.5
40 1031.5
40 1031.5
40 1349.5
40 1349.5
40 1357.5
40 1357.5
40 1632.5
40 1632.5
44 1.5
44 1.5
44 1.5
44 1.5
44 1.5
44 1.5
44 1.5
44 1.5
44 1.5
44 1.5
44 1.5
44 1.5
44 1.5
44 1.5
44 1.5
44 1.5
44 1.5
44 1.5
44 1.5
44 1.5
44 1.5
44 1.5
44 1.5
44 1.5
44 1.5
44 1.5
44 1.5
44 1.5
44 1.5
44 1.5
44 1.5
44 1.5
44 1.5
44 1.5
44 1.5
44 2.5
44 2.5
44 2.5
44 2.5
44 2.5
44 2.5
44 2.5
44 2.5
44 2.5
44 2.5
44 2.5
44 2.5
44 2.5
44 2.5
44 2.5
44 3.5
44 3.5
44 3.5
44 3.5
44 3.5
44 3.5
44 3.5
44 3.5
44 3.5
44 3.5
44 3.5
44 3.5
44 3.5
44 3.5
44 3.5
44 4.5
44 4.5
44 4.5
44 4.5
44 4.5
44 4.5
44 4.5
44 4.5
44 4.5
44 4.5
44 4.5
44 4.5
44 4.5
44 4.5
44 4.5
44 5.5
44 5.5
44 5.5
44 5.5
44 5.5
44 5.5
44 5.5
44 5.5
44 5.5
44 5.5
44 6.5
44 6.5
44 6.5
44 6.5
44 6.5
44 6.5
44 6.5
44 6.5
44 6.5
44 6.5
44 6.5
44 6.5
44 6.5
44 6.5
44 6.5
44 7.5
44 7.5
44 7.5
44 7.5
44 7.5
44 7.5
44 7.5
44 7.5
44 7.5
44 7.5
44 7.5
44 7.5
44 8.5
44 8.5
44 8.5
44 8.5
44 8.5
44 8.5
44 8.5
44 8.5
44 8.5
44 9.5
44 9.5
44 9.5
44 9.5
44 10.5
44 10.5
44 10.5
44 10.5
44 10.5
44 11.5
44 11.5
44 11.5
44 11.5
44 11.5
44 11.5
44 12.5
44 12.5
44 12.5
44 13.5
44 13.5
44 14.5
44 14.5
44 14.5
44 14.5
44 15.5
44 15.5
44 15.5
44 16.5
44 16.5
44 16.5
44 16.5
44 16.5
44 17.5
44 17.5
44 17.5
44 18.5
44 18.5
44 19.5
44 19.5
44 19.5
44 20.5
44 20.5
44 21.5
44 21.5
44 21.5
44 22.5
44 22.5
44 22.5
44 22.5
44 25.5
44 25.5
44 26.5
44 26.5
44 27.5
44 27.5
44 27.5
44 28.5
44 28.5
44 29.5
44 29.5
44 29.5
44 29.5
44 30.5
44 30.5
44 30.5
44 31.5
44 31.5
44 33.5
44 33.5
44 36.5
44 36.5
44 37.5
44 37.5
44 38.5
44 38.5
44 40.5
44 40.5
44 41.5
44 41.5
44 44.5
44 44.5
44 44.5
44 47.5
44 47.5
44 49.5
44 49.5
44 50.5
44 50.5
44 60.5
44 60.5
44 60.5
44 61.5
44 61.5
44 72.5
44 72.5
44 72.5
44 83.5
44 83.5
44 90.5
44 90.5
44 97.5
44 97.5
44 103.5
44 103.5
44 106.5
44 106.5
44 124.5
44 124.5
44 154.5
44 154.5
44 157.5
44 157.5
44 182.5
44 182.5
44 200.5
44 200.5
44 202.5
44 202.5
44 222.5
44 222.5
44 226.5
44 226.5
44 279.5
44 279.5
44 290.5
44 290.5
44 322.5
44 322.5
44 405.5
44 405.5
44 488.5
44 488.5
44 774.5
44 774.5
44 903.5
44 903.5
44 1153.5
44 1153.5
44 1712.5
44 1712.5
44 1885.5
44 1885.5
44 1997.5
44 1997.5
48 1.5
48 1.5
48 1.5
48 1.5
48 1.5
48 1.5
48 1.5
48 1.5
48 1.5
48 1.5
48 1.5
48 1.5
48 1.5
48 1.5
48 1.5
48 1.5
48 1.5
48 1.5
48 1.5
48 1.5
48 1.5
48 1.5
48 1.5
48 1.5
48 1.5
48 1.5
48 1.5
48 1.5
48 1.5
48 2.5
48 2.5
48 2.5
48 2.5
48 2.5
48 2.5
48 2.5
48 2.5
48 2.5
48 2.5
48 2.5
48 2.5
48 2.5
48 2.5
48 2.5
48 2.5
48 3.5
48 3.5
48 3.5
48 3.5
48 3.5
48 3.5
48 3.5
48 3.5
48 3.5
48 3.5
48 3.5
48 3.5
48 3.5
48 3.5
48 3.5
48 3.5
48 3.5
48 3.5
48 3.5
48 3.5
48 3.5
48 4.5
48 4.5
48 4.5
48 4.5
48 4.5
48 4.5
48 4.5
48 4.5
48 4.5
48 4.5
48 4.5
48 4.5
48 5.5
48 5.5
48 5.5
48 5.5
48 5.5
48 5.5
48 5.5
48 5.5
48 5.5
48 5.5
48 5.5
48 5.5
48 5.5
48 6.5
48 6.5
48 6.5
48 6.5
48 6.5
48 6.5
48 6.5
48 6.5
48 6.5
48 6.5
48 6.5
48 6.5
48 6.5
48 6.5
48 6.5
48 7.5
48 7.5
48 7.5
48 7.5
48 7.5
48 7.5
48 7.5
48 7.5
48 7.5
48 8.5
48 8.5
48 8.5
48 8.5
48 8.5
48 8.5
48 9.5
48 9.5
48 9.5
48 9.5
48 9.5
48 9.5
48 9.5
48 10.5
48 10.5
48 10.5
48 10.5
48 10.5
48 11.5
48 11.5
48 11.5
48 11.5
48 11.5
48 11.5
48 11.5
48 11.5
48 11.5
48 12.5
48 12.5
48 12.5
48 12.5
48 13.5
48 13.5
48 13.5
48 13.5
48 13.5
48 13.5
48 13.5
48 13.5
48 14.5
48 14.5
48 14.5
48 14.5
48 14.5
48 14.5
48 15.5
48 15.5
48 15.5
48 16.5
48 16.5
48 16.5
48 16.5
48 16.5
48 16.5
48 18.5
48 18.5
48 18.5
48 18.5
48 19.5
48 19.5
48 19.5
48 20.5
48 20.5
48 20.5
48 22.5
48 22.5
48 23.5
48 23.5
48 23.5
48 26.5
48 26.5
48 29.5
48 29.5
48 31.5
48 31.5
48 31.5
48 32.5
48 32.5
48 33.5
48 33.5
48 34.5
48 34.5
48 34.5
48 35.5
48 35.5
48 35.5
48 36.5
48 36.5
48 39.5
48 39.5
48 41.5
48 41.5
48 41.5
48 44.5
48 44.5
48 45.5
48 45.5
48 47.5
48 47.5
48 47.5
48 48.5
48 48.5
48 52.5
48 52.5
48 59.5
48 59.5
48 72.5
48 72.5
48 72.5
48 73.5
48 73.5
48 73.5
48 76.5
48 76.5
48 79.5
48 79.5
48 80.5
48 80.5
48 81.5
48 81.5
48 87.5
48 87.5
48 93.5
48 93.5
48 94.5
48 94.5
48 95.5
48 95.5
48 98.5
48 98.5
48 103.5
48 103.5
48 108.5
48 108.5
48 109.5
48 109.5
48 140.5
48 140.5
48 147.5
48 147.5
48 150.5
48 150.5
48 161.5
48 161.5
48 163.5
48 163.5
48 168.5
48 168.5
48 204.5
48 204.5
48 243.5
48 243.5
48 246.5
48 246.5
48 253.5
48 253.5
48 268.5
48 268.5
48 349.5
48 349.5
48 392.5
48 392.5
48 397.5
48 397.5
48 449.5
48 449.5
48 814.5
48 814.5
48 959.5
48 959.5
48 1884.5
48 1884.5
52 1.5
52 1.5
52 1.5
52 1.5
52 1.5
52 1.5
52 1.5
52 1.5
52 1.5
52 1.5
52 1.5
52 1.5
52 1.5
52 1.5
52 1.5
52 1.5
52 1.5
52 1.5
52 1.5
52 1.5
52 1.5
52 1.5
52 1.5
52 1.5
52 1.5
52 1.5
52 1.5
52 1.5
52 1.5
52 1.5
52 1.5
52 2.5
52 2.5
52 2.5
52 2.5
52 2.5
52 2.5
52 2.5
52 2.5
52 2.5
52 2.5
52 2.5
52 2.5
52 2.5
52 2.5
52 2.5
52 2.5
52 2.5
52 2.5
52 2.5
52 3.5
52 3.5
52 3.5
52 3.5
52 3.5
52 3.5
52 3.5
52 3.5
52 3.5
52 3.5
52 3.5
52 3.5
52 3.5
52 4.5
52 4.5
52 4.5
52 4.5
52 4.5
52 4.5
52 4.5
52 4.5
52 4.5
52 4.5
52 4.5
52 4.5
52 4.5
52 4.5
52 4.5
52 4.5
52 5.5
52 5.5
52 5.5
52 5.5
52 5.5
52 5.5
52 5.5
52 5.5
52 5.5
52 5.5
52 6.5
52 6.5
52 6.5
52 6.5
52 6.5
52 6.5
52 6.5
52 7.5
52 7.5
52 7.5
52 7.5
52 7.5
52 7.5
52 7.5
52 7.5
52 7.5
52 8.5
52 8.5
52 8.5
52 8.5
52 8.5
52 8.5
52 8.5
52 8.5
52 8.5
52 8.5
52 9.5
52 9.5
52 9.5
52 9.5
52 9.5
52 9.5
52 9.5
52 9.5
52 9.5
52 10.5
52 10.5
52 10.5
52 10.5
52 11.5
52 11.5
52 12.5
52 12.5
52 12.5
52 12.5
52 12.5
52 12.5
52 12.5
52 12.5
52 13.5
52 13.5
52 13.5
52 13.5
52 13.5
52 13.5
52 13.5
52 13.5
52 14.5
52 14.5
52 14.5
52 15.5
52 15.5
52 15.5
52 16.5
52 16.5
52 16.5
52 17.5
52 17.5
52 17.5
52 17.5
52 17.5
52 17.5
52 17.5
52 17.5
52 18.5
52 18.5
52 19.5
52 19.5
52 19.5
52 19.5
52 19.5
52 20.5
52 20.5
52 21.5
52 21.5
52 21.5
52 22.5
52 22.5
52 24.5
52 24.5
52 24.5
52 24.5
52 25.5
52 25.5
52 26.5
52 26.5
52 26.5
52 29.5
52 29.5
52 29.5
52 31.5
52 31.5
52 31.5
52 32.5
52 32.5
52 33.5
52 33.5
52 34.5
52 34.5
52 34.5
52 35.5
52 35.5
52 37.5
52 37.5
52 39.5
52 39.5
52 39.5
52 39.5
52 40.5
52 40.5
52 41.5
52 41.5
52 47.5
52 47.5
52 51.5
52 51.5
52 54.5
52 54.5
52 55.5
52 55.5
52 57.5
52 57.5
52 57.5
52 58.5
52 58.5
52 62.5
52 62.5
52 63.5
52 63.5
52 64.5
52 64.5
52 65.5
52 65.5
52 66.5
52 66.5
52 66.5
52 91.5
52 91.5
52 94.5
52 94.5
52 107.5
52 107.5
52 123.5
52 123.5
52 149.5
52 149.5
52 159.5
52 159.5
52 171.5
52 171.5
52 174.5
52 174.5
52 189.5
52 189.5
52 212.5
52 212.5
52 284.5
52 284.5
52 290.5
52 290.5
52 307.5
52 307.5
52 327.5
52 327.5
52 353.5
52 353.5
52 363.5
52 363.5
52 439.5
52 439.5
52 564.5
52 564.5
52 569.5
52 569.5
52 635.5
52 635.5
52 965.5
52 965.5
52 1025.5
52 1025.5
52 1170.5
52 1170.5
56 1.5
56 1.5
56 1.5
56 1.5
56 1.5
56 1.5
56 1.5
56 1.5
56 1.5
56 1.5
56 1.5
56 1.5
56 1.5
56 1.5
56 1.5
56 1.5
56 1.5
56 1.5
56 1.5
56 1.5
56 1.5
56 1.5
56 1.5
56 1.5
56 1.5
56 1.5
56 1.5
56 1.5
56 2.5
56 2.5
56 2.5
56 2.5
56 2.5
56 2.5
56 2.5
56 2.5
56 2.5
56 2.5
56 2.5
56 2.5
56 2.5
56 2.5
56 2.5
56 2.5
56 3.5
56 3.5
56 3.5
56 3.5
56 3.5
56 3.5
56 3.5
56 3.5
56 3.5
56 3.5
56 3.5
56 3.5
56 3.5
56 3.5
56 3.5
56 4.5
56 4.5
56 4.5
56 4.5
56 4.5
56 4.5
56 4.5
56 4.5
56 5.5
56 5.5
56 5.5
56 5.5
56 5.5
56 5.5
56 5.5
56 5.5
56 5.5
56 5.5
56 5.5
56 6.5
56 6.5
56 6.5
56 6.5
56 6.5
56 6.5
56 6.5
56 6.5
56 6.5
56 6.5
56 6.5
56 7.5
56 7.5
56 7.5
56 7.5
56 7.5
56 7.5
56 7.5
56 7.5
56 7.5
56 8.5
56 8.5
56 8.5
56 8.5
56 8.5
56 9.5
56 9.5
56 9.5
56 10.5
56 10.5
56 10.5
56 10.5
56 10.5
56 10.5
56 10.5
56 10.5
56 10.5
56 10.5
56 10.5
56 10.5
56 10.5
56 11.5
56 11.5
56 11.5
56 11.5
56 11.5
56 11.5
56 11.5
56 11.5
56 12.5
56 12.5
56 12.5
56 12.5
56 12.5
56 12.5
56 13.5
56 13.5
56 13.5
56 13.5
56 13.5
56 13.5
56 13.5
56 13.5
56 14.5
56 14.5
56 14.5
56 14.5
56 14.5
56 15.5
56 15.5
56 15.5
56 15.5
56 15.5
56 16.5
56 16.5
56 17.5
56 17.5
56 19.5
56 19.5
56 19.5
56 19.5
56 20.5
56 20.5
56 20.5
56 21.5
56 21.5
56 22.5
56 22.5
56 23.5
56 23.5
56 24.5
56 24.5
56 24.5
56 27.5
56 27.5
56 27.5
56 28.5
56 28.5
56 30.5
56 30.5
56 30.5
56 35.5
56 35.5
56 38.5
56 38.5
56 39.5
56 39.5
56 40.5
56 40.5
56 41.5
56 41.5
56 41.5
56 44.5
56 44.5
56 47.5
56 47.5
56 47.5
56 49.5
56 49.5
56 49.5
56 50.5
56 50.5
56 50.5
56 51.5
56 51.5
56 55.5
56 55.5
56 58.5
56 58.5
56 61.5
56 61.5
56 62.5
56 62.5
56 66.5
56 66.5
56 66.5
56 89.5
56 89.5
56 104.5
56 104.5
56 109.5
56 109.5
56 117.5
56 117.5
56 132.5
56 132.5
56 173.5
56 173.5
56 208.5
56 208.5
56 226.5
56 226.5
56 302.5
56 302.5
56 350.5
56 350.5
56 357.5
56 357.5
56 371.5
56 371.5
56 430.5
56 430.5
56 533.5
56 533.5
56 823.5
56 823.5
56 1124.5
56 1124.5
56 1224.5
56 1224.5
56 1532.5
56 1532.5
56 1638.5
56 1638.5
60 1.5
60 1.5
60 1.5
60 1.5
60 1.5
60 1.5
60 1.5
60 1.5
60 1.5
60 1.5
60 1.5
60 1.5
60 1.5
60 1.5
60 1.5
60 1.5
60 1.5
60 1.5
60 1.5
60 1.5
60 1.5
60 1.5
60 1.5
60 2.5
60 2.5
60 2.5
60 2.5
60 2.5
60 2.5
60 2.5
60 2.5
60 2.5
60 2.5
60 2.5
60 2.5
60 2.5
60 2.5
60 3.5
60 3.5
60 3.5
60 3.5
60 3.5
60 3.5
60 3.5
60 3.5
60 3.5
60 3.5
60 3.5
60 3.5
60 3.5
60 3.5
60 3.5
60 3.5
60 3.5
60 3.5
60 3.5
60 3.5
60 4.5
60 4.5
60 4.5
60 4.5
60 4.5
60 4.5
60 4.5
60 4.5
60 4.5
60 4.5
60 4.5
60 4.5
60 4.5
60 4.5
60 4.5
60 4.5
60 5.5
60 5.5
60 5.5
60 5.5
60 5.5
60 5.5
60 5.5
60 5.5
60 5.5
60 5.5
60 5.5
60 5.5
60 5.5
60 5.5
60 5.5
60 6.5
60 6.5
60 6.5
60 6.5
60 6.5
60 6.5
60 6.5
60 7.5
60 7.5
60 7.5
60 7.5
60 7.5
60 7.5
60 7.5
60 7.5
60 7.5
60 7.5
60 7.5
60 8.5
60 8.5
60 8.5
60 8.5
60 8.5
60 9.5
60 9.5
60 9.5
60 9.5
60 9.5
60 9.5
60 9.5
60 9.5
60 10.5
60 10.5
60 10.5
60 11.5
60 11.5
60 11.5
60 11.5
60 11.5
60 11.5
60 11.5
60 11.5
60 12.5
60 12.5
60 12.5
60 12.5
60 12.5
60 12.5
60 12.5
60 12.5
60 12.5
60 12.5
60 12.5
60 13.5
60 13.5
60 13.5
60 14.5
60 14.5
60 14.5
60 14.5
60 14.5
60 14.5
60 15.5
60 15.5
60 15.5
60 16.5
60 16.5
60 16.5
60 17.5
60 17.5
60 17.5
60 17.5
60 18.5
60 18.5
60 18.5
60 18.5
60 18.5
60 18.5
60 19.5
60 19.5
60 20.5
60 20.5
60 21.5
60 21.5
60 21.5
60 22.5
60 22.5
60 23.5
60 23.5
60 24.5
60 24.5
60 24.5
60 25.5
60 25.5
60 27.5
60 27.5
60 28.5
60 28.5
60 28.5
60 28.5
60 29.5
60 29.5
60 30.5
60 30.5
60 30.5
60 31.5
60 31.5
60 31.5
60 31.5
60 32.5
60 32.5
60 32.5
60 33.5
60 33.5
60 33.5
60 35.5
60 35.5
60 35.5
60 36.5
60 36.5
60 36.5
60 40.5
60 40.5
60 41.5
60 41.5
60 41.5
60 43.5
60 43.5
60 44.5
60 44.5
60 44.5
60 48.5
60 48.5
60 60.5
60 60.5
60 60.5
60 64.5
60 64.5
60 84.5
60 84.5
60 92.5
60 92.5
60 94.5
60 94.5
60 94.5
60 99.5
60 99.5
60 120.5
60 120.5
60 135.5
60 135.5
60 144.5
60 144.5
60 169.5
60 169.5
60 173.5
60 173.5
60 260.5
60 260.5
60 360.5
60 360.5
60 363.5
60 363.5
60 425.5
60 425.5
60 512.5
60 512.5
60 533.5
60 533.5
60 536.5
60 536.5
60 868.5
60 868.5
60 1558.5
60 1558.5
64 1.5
64 1.5
64 1.5
64 1.5
64 1.5
64 1.5
64 1.5
64 1.5
64 1.5
64 1.5
64 1.5
64 1.5
64 1.5
64 1.5
64 1.5
64 1.5
64 1.5
64 1.5
64 1.5
64 1.5
64 1.5
64 1.5
64 1.5
64 1.5
64 1.5
64 1.5
64 1.5
64 1.5
64 1.5
64 2.5
64 2.5
64 2.5
64 2.5
64 2.5
64 2.5
64 2.5
64 2.5
64 2.5
64 2.5
64 2.5
64 2.5
64 2.5
64 2.5
64 2.5
64 2.5
64 2.5
64 2.5
64 3.5
64 3.5
64 3.5
64 3.5
64 3.5
64 3.5
64 3.5
64 3.5
64 3.5
64 3.5
64 3.5
64 3.5
64 3.5
64 3.5
64 3.5
64 3.5
64 3.5
64 3.5
64 3.5
64 4.5
64 4.5
64 4.5
64 4.5
64 4.5
64 4.5
64 4.5
64 4.5
64 4.5
64 4.5
64 4.5
64 4.5
64 4.5
64 4.5
64 4.5
64 4.5
64 4.5
64 4.5
64 4.5
64 5.5
64 5.5
64 5.5
64 5.5
64 5.5
64 5.5
64 5.5
64 5.5
64 5.5
64 5.5
64 5.5
64 5.5
64 5.5
64 5.5
64 5.5
64 5.5
64 5.5
64 5.5
64 6.5
64 6.5
64 6.5
64 6.5
64 6.5
64 6.5
64 7.5
64 7.5
64 7.5
64 7.5
64 7.5
64 7.5
64 7.5
64 7.5
64 7.5
64 7.5
64 7.5
64 8.5
64 8.5
64 8.5
64 8.5
64 8.5
64 8.5
64 8.5
64 8.5
64 8.5
64 8.5
64 8.5
64 8.5
64 9.5
64 9.5
64 9.5
64 9.5
64 9.5
64 9.5
64 9.5
64 10.5
64 10.5
64 10.5
64 10.5
64 10.5
64 10.5
64 10.5
64 10.5
64 11.5
64 11.5
64 11.5
64 11.5
64 11.5
64 11.5
64 12.5
64 12.5
64 12.5
64 12.5
64 12.5
64 12.5
64 12.5
64 13.5
64 13.5
64 13.5
64 13.5
64 13.5
64 14.5
64 14.5
64 14.5
64 15.5
64 15.5
64 15.5
64 16.5
64 16.5
64 16.5
64 16.5
64 17.5
64 17.5
64 17.5
64 18.5
64 18.5
64 19.5
64 19.5
64 20.5
64 20.5
64 20.5
64 21.5
64 21.5
64 22.5
64 22.5
64 23.5
64 23.5
64 23.5
64 23.5
64 25.5
64 25.5
64 25.5
64 26.5
64 26.5
64 26.5
64 27.5
64 27.5
64 29.5
64 29.5
64 30.5
64 30.5
64 30.5
64 30.5
64 30.5
64 32.5
64 32.5
64 33.5
64 33.5
64 33.5
64 35.5
64 35.5
64 35.5
64 36.5
64 36.5
64 36.5
64 36.5
64 37.5
64 37.5
64 38.5
64 38.5
64 38.5
64 41.5
64 41.5
64 42.5
64 42.5
64 43.5
64 43.5
64 43.5
64 45.5
64 45.5
64 46.5
64 46.5
64 48.5
64 48.5
64 49.5
64 49.5
64 50.5
64 50.5
64 50.5
64 50.5
64 52.5
64 52.5
64 57.5
64 57.5
64 63.5
64 63.5
64 65.5
64 65.5
64 70.5
64 70.5
64 78.5
64 78.5
64 84.5
64 84.5
64 94.5
64 94.5
64 105.5
64 105.5
64 148.5
64 148.5
64 153.5
64 153.5
64 170.5
64 170.5
64 186.5
64 186.5
64 193.5
64 193.5
64 197.5
64 197.5
64 227.5
64 227.5
64 249.5
64 249.5
64 263.5
64 263.5
64 269.5
64 269.5
64 274.5
64 274.5
64 348.5
64 348.5
64 380.5
64 380.5
64 427.5
64 427.5
64 468.5
64 468.5
64 525.5
64 525.5
64 601.5
64 601.5
64 612.5
64 612.5
64 728.5
64 728.5
64 812.5
64 812.5
64 882.5
64 882.5
64 1128.5
64 1128.5
64 1260.5
64 1260.5
64 1758.5
64 1758.5
68 1.5
68 1.5
68 1.5
68 1.5
68 1.5
68 1.5
68 1.5
68 1.5
68 1.5
68 1.5
68 1.5
68 1.5
68 1.5
68 1.5
68 1.5
68 1.5
68 1.5
68 1.5
68 1.5
68 1.5
68 1.5
68 1.5
68 1.5
68 1.5
68 1.5
68 2.5
68 2.5
68 2.5
68 2.5
68 2.5
68 2.5
68 2.5
68 2.5
68 2.5
68 2.5
68 2.5
68 2.5
68 2.5
68 2.5
68 2.5
68 2.5
68 2.5
68 2.5
68 2.5
68 2.5
68 2.5
68 2.5
68 2.5
68 2.5
68 3.5
68 3.5
68 3.5
68 3.5
68 3.5
68 3.5
68 3.5
68 3.5
68 3.5
68 3.5
68 3.5
68 3.5
68 3.5
68 3.5
68 3.5
68 3.5
68 4.5
68 4.5
68 4.5
68 4.5
68 4.5
68 4.5
68 4.5
68 4.5
68 4.5
68 4.5
68 4.5
68 4.5
68 4.5
68 4.5
68 4.5
68 4.5
68 4.5
68 4.5
68 4.5
68 4.5
68 4.5
68 4.5
68 5.5
68 5.5
68 5.5
68 5.5
68 5.5
68 5.5
68 5.5
68 5.5
68 5.5
68 5.5
68 5.5
68 5.5
68 6.5
68 6.5
68 6.5
68 6.5
68 6.5
68 6.5
68 6.5
68 6.5
68 6.5
68 6.5
68 6.5
68 6.5
68 6.5
68 6.5
68 6.5
68 7.5
68 7.5
68 7.5
68 7.5
68 7.5
68 7.5
68 7.5
68 7.5
68 8.5
68 8.5
68 8.5
68 8.5
68 8.5
68 8.5
68 8.5
68 8.5
68 8.5
68 8.5
68 8.5
68 8.5
68 8.5
68 9.5
68 9.5
68 9.5
68 9.5
68 9.5
68 10.5
68 10.5
68 10.5
68 10.5
68 10.5
68 10.5
68 10.5
68 10.5
68 10.5
68 11.5
68 11.5
68 11.5
68 11.5
68 11.5
68 11.5
68 11.5
68 11.5
68 12.5
68 12.5
68 12.5
68 12.5
68 12.5
68 12.5
68 12.5
68 13.5
68 13.5
68 13.5
68 13.5
68 13.5
68 13.5
68 13.5
68 14.5
68 14.5
68 14.5
68 14.5
68 15.5
68 15.5
68 16.5
68 16.5
68 16.5
68 16.5
68 16.5
68 16.5
68 16.5
68 17.5
68 17.5
68 17.5
68 17.5
68 18.5
68 18.5
68 18.5
68 18.5
68 18.5
68 18.5
68 18.5
68 19.5
68 19.5
68 19.5
68 19.5
68 19.5
68 20.5
68 20.5
68 21.5
68 21.5
68 21.5
68 21.5
68 21.5
68 22.5
68 22.5
68 22.5
68 22.5
68 22.5
68 23.5
68 23.5
68 23.5
68 23.5
68 25.5
68 25.5
68 25.5
68 25.5
68 28.5
68 28.5
68 28.5
68 28.5
68 28.5
68 29.5
68 29.5
68 30.5
68 30.5
68 30.5
68 31.5
68 31.5
68 32.5
68 32.5
68 32.5
68 33.5
68 33.5
68 33.5
68 33.5
68 34.5
68 34.5
68 38.5
68 38.5
68 39.5
68 39.5
68 40.5
68 40.5
68 40.5
68 41.5
68 41.5
68 43.5
68 43.5
68 46.5
68 46.5
68 47.5
68 47.5
68 51.5
68 51.5
68 52.5
68 52.5
68 53.5
68 53.5
68 57.5
68 57.5
68 58.5
68 58.5
68 64.5
68 64.5
68 65.5
68 65.5
68 67.5
68 67.5
68 68.5
68 68.5
68 74.5
68 74.5
68 77.5
68 77.5
68 81.5
68 81.5
68 94.5
68 94.5
68 102.5
68 102.5
68 104.5
68 104.5
68 108.5
68 108.5
68 109.5
68 109.5
68 115.5
68 115.5
68 130.5
68 130.5
68 198.5
68 198.5
68 200.5
68 200.5
68 202.5
68 202.5
68 265.5
68 265.5
68 268.5
68 268.5
68 279.5
68 279.5
68 359.5
68 359.5
68 382.5
68 382.5
68 455.5
68 455.5
68 468.5
68 468.5
68 473.5
68 473.5
68 659.5
68 659.5
68 1382.5
68 1382.5
72 1.5
72 1.5
72 1.5
72 1.5
72 1.5
72 1.5
72 1.5
72 1.5
72 1.5
72 1.5
72 1.5
72 1.5
72 1.5
72 1.5
72 1.5
72 1.5
72 1.5
72 1.5
72 1.5
72 2.5
72 2.5
72 2.5
72 2.5
72 2.5
72 2.5
72 2.5
72 2.5
72 2.5
72 2.5
72 2.5
72 2.5
72 2.5
72 2.5
72 2.5
72 2.5
72 2.5
72 2.5
72 2.5
72 2.5
72 3.5
72 3.5
72 3.5
72 3.5
72 3.5
72 3.5
72 3.5
72 3.5
72 3.5
72 3.5
72 3.5
72 3.5
72 3.5
72 3.5
72 3.5
72 3.5
72 3.5
72 4.5
72 4.5
72 4.5
72 4.5
72 4.5
72 4.5
72 4.5
72 4.5
72 4.5
72 4.5
72 4.5
72 4.5
72 4.5
72 4.5
72 4.5
72 4.5
72 4.5
72 5.5
72 5.5
72 5.5
72 5.5
72 5.5
72 5.5
72 5.5
72 5.5
72 5.5
72 5.5
72 5.5
72 5.5
72 6.5
72 6.5
72 6.5
72 6.5
72 6.5
72 6.5
72 6.5
72 6.5
72 6.5
72 6.5
72 6.5
72 6.5
72 7.5
72 7.5
72 7.5
72 7.5
72 7.5
72 7.5
72 7.5
72 7.5
72 7.5
72 7.5
72 7.5
72 7.5
72 7.5
72 7.5
72 7.5
72 7.5
72 7.5
72 8.5
72 8.5
72 8.5
72 8.5
72 8.5
72 8.5
72 8.5
72 8.5
72 9.5
72 9.5
72 9.5
72 9.5
72 9.5
72 9.5
72 9.5
72 10.5
72 10.5
72 10.5
72 10.5
72 10.5
72 10.5
72 11.5
72 11.5
72 11.5
72 11.5
72 11.5
72 11.5
72 11.5
72 11.5
72 13.5
72 13.5
72 14.5
72 14.5
72 14.5
72 14.5
72 14.5
72 15.5
72 15.5
72 15.5
72 15.5
72 15.5
72 16.5
72 16.5
72 16.5
72 17.5
72 17.5
72 17.5
72 18.5
72 18.5
72 18.5
72 18.5
72 18.5
72 18.5
72 19.5
72 19.5
72 19.5
72 19.5
72 20.5
72 20.5
72 21.5
72 21.5
72 21.5
72 21.5
72 21.5
72 22.5
72 22.5
72 23.5
72 23.5
72 24.5
72 24.5
72 24.5
72 25.5
72 25.5
72 26.5
72 26.5
72 27.5
72 27.5
72 28.5
72 28.5
72 29.5
72 29.5
72 29.5
72 31.5
72 31.5
72 31.5
72 33.5
72 33.5
72 33.5
72 33.5
72 34.5
72 34.5
72 35.5
72 35.5
72 38.5
72 38.5
72 39.5
72 39.5
72 40.5
72 40.5
72 43.5
72 43.5
72 44.5
72 44.5
72 50.5
72 50.5
72 54.5
72 54.5
72 55.5
72 55.5
72 59.5
72 59.5
72 61.5
72 61.5
72 64.5
72 64.5
72 64.5
72 65.5
72 65.5
72 66.5
72 66.5
72 74.5
72 74.5
72 76.5
72 76.5
72 84.5
72 84.5
72 91.5
72 91.5
72 93.5
72 93.5
72 95.5
72 95.5
72 110.5
72 110.5
72 115.5
72 115.5
72 116.5
72 116.5
72 123.5
72 123.5
72 129.5
72 129.5
72 132.5
72 132.5
72 137.5
72 137.5
72 145.5
72 145.5
72 145.5
72 166.5
72 166.5
72 167.5
72 167.5
72 192.5
72 192.5
72 208.5
72 208.5
72 238.5
72 238.5
72 261.5
72 261.5
72 289.5
72 289.5
72 355.5
72 355.5
72 355.5
72 364.5
72 364.5
72 388.5
72 388.5
72 472.5
72 472.5
72 486.5
72 486.5
72 487.5
72 487.5
72 512.5
72 512.5
72 1065.5
72 1065.5
72 1069.5
72 1069.5
72 1076.5
72 1076.5
72 1202.5
72 1202.5
72 1928.5
72 1928.5
76 1.5
76 1.5
76 1.5
76 1.5
76 1.5
76 1.5
76 1.5
76 1.5
76 1.5
76 1.5
76 1.5
76 1.5
76 1.5
76 1.5
76 1.5
76 1.5
76 1.5
76 1.5
76 1.5
76 1.5
76 1.5
76 1.5
76 1.5
76 1.5
76 1.5
76 1.5
76 2.5
76 2.5
76 2.5
76 2.5
76 2.5
76 2.5
76 2.5
76 2.5
76 2.5
76 2.5
76 2.5
76 2.5
76 2.5
76 3.5
76 3.5
76 3.5
76 3.5
76 3.5
76 3.5
76 3.5
76 3.5
76 3.5
76 3.5
76 4.5
76 4.5
76 4.5
76 4.5
76 4.5
76 4.5
76 4.5
76 4.5
76 4.5
76 4.5
76 4.5
76 4.5
76 4.5
76 4.5
76 4.5
76 4.5
76 4.5
76 4.5
76 4.5
76 4.5
76 4.5
76 4.5
76 4.5
76 4.5
76 5.5
76 5.5
76 5.5
76 5.5
76 5.5
76 5.5
76 5.5
76 5.5
76 5.5
76 5.5
76 6.5
76 6.5
76 6.5
76 6.5
76 6.5
76 6.5
76 6.5
76 6.5
76 6.5
76 6.5
76 6.5
76 6.5
76 6.5
76 6.5
76 6.5
76 6.5
76 6.5
76 6.5
76 6.5
76 6.5
76 6.5
76 7.5
76 7.5
76 7.5
76 7.5
76 7.5
76 7.5
76 7.5
76 7.5
76 7.5
76 7.5
76 7.5
76 7.5
76 7.5
76 7.5
76 7.5
76 8.5
76 8.5
76 8.5
76 8.5
76 8.5
76 8.5
76 8.5
76 9.5
76 9.5
76 9.5
76 9.5
76 9.5
76 9.5
76 9.5
76 9.5
76 9.5
76 10.5
76 10.5
76 10.5
76 10.5
76 10.5
76 10.5
76 11.5
76 11.5
76 11.5
76 11.5
76 11.5
76 11.5
76 11.5
76 12.5
76 12.5
76 12.5
76 12.5
76 12.5
76 12.5
76 13.5
76 13.5
76 13.5
76 14.5
76 14.5
76 14.5
76 15.5
76 15.5
76 16.5
76 16.5
76 16.5
76 16.5
76 17.5
76 17.5
76 17.5
76 18.5
76 18.5
76 18.5
76 19.5
76 19.5
76 19.5
76 19.5
76 20.5
76 20.5
76 21.5
76 21.5
76 21.5
76 21.5
76 22.5
76 22.5
76 22.5
76 23.5
76 23.5
76 23.5
76 24.5
76 24.5
76 24.5
76 26.5
76 26.5
76 27.5
76 27.5
76 30.5
76 30.5
76 30.5
76 30.5
76 32.5
76 32.5
76 32.5
76 33.5
76 33.5
76 33.5
76 34.5
76 34.5
76 36.5
76 36.5
76 37.5
76 37.5
76 39.5
76 39.5
76 43.5
76 43.5
76 45.5
76 45.5
76 45.5
76 51.5
76 51.5
76 53.5
76 53.5
76 54.5
76 54.5
76 59.5
76 59.5
76 61.5
76 61.5
76 66.5
76 66.5
76 70.5
76 70.5
76 73.5
76 73.5
76 75.5
76 75.5
76 81.5
76 81.5
76 82.5
76 82.5
76 86.5
76 86.5
76 104.5
76 104.5
76 108.5
76 108.5
76 109.5
76 109.5
76 112.5
76 112.5
76 122.5
76 122.5
76 130.5
76 130.5
76 131.5
76 131.5
76 131.5
76 144.5
76 144.5
76 192.5
76 192.5
76 204.5
76 204.5
76 247.5
76 247.5
76 287.5
76 287.5
76 313.5
76 313.5
76 479.5
76 479.5
76 511.5
76 511.5
76 555.5
76 555.5
76 580.5
76 580.5
76 675.5
76 675.5
76 679.5
76 679.5
76 746.5
76 746.5
76 980.5
76 980.5
76 986.5
76 986.5
76 1026.5
76 1026.5
76 1245.5
76 1245.5
80 1.5
80 1.5
80 1.5
80 1.5
80 1.5
80 1.5
80 1.5
80 1.5
80 1.5
80 1.5
80 1.5
80 1.5
80 1.5
80 1.5
80 1.5
80 1.5
80 1.5
80 1.5
80 1.5
80 1.5
80 1.5
80 2.5
80 2.5
80 2.5
80 2.5
80 2.5
80 2.5
80 2.5
80 2.5
80 2.5
80 2.5
80 2.5
80 2.5
80 2.5
80 2.5
80 2.5
80 2.5
80 3.5
80 3.5
80 3.5
80 3.5
80 3.5
80 3.5
80 3.5
80 3.5
80 3.5
80 3.5
80 3.5
80 3.5
80 3.5
80 3.5
80 3.5
80 3.5
80 4.5
80 4.5
80 4.5
80 4.5
80 4.5
80 4.5
80 4.5
80 4.5
80 4.5
80 5.5
80 5.5
80 5.5
80 5.5
80 5.5
80 5.5
80 5.5
80 5.5
80 5.5
80 5.5
80 5.5
80 5.5
80 5.5
80 5.5
80 5.5
80 5.5
80 5.5
80 5.5
80 5.5
80 5.5
80 6.5
80 6.5
80 6.5
80 6.5
80 6.5
80 6.5
80 6.5
80 6.5
80 6.5
80 6.5
80 6.5
80 6.5
80 6.5
80 6.5
80 6.5
80 6.5
80 7.5
80 7.5
80 7.5
80 7.5
80 7.5
80 7.5
80 7.5
80 7.5
80 7.5
80 7.5
80 7.5
80 8.5
80 8.5
80 8.5
80 8.5
80 8.5
80 8.5
80 8.5
80 8.5
80 8.5
80 8.5
80 8.5
80 8.5
80 8.5
80 8.5
80 9.5
80 9.5
80 9.5
80 9.5
80 9.5
80 9.5
80 9.5
80 9.5
80 9.5
80 9.5
80 9.5
80 10.5
80 10.5
80 10.5
80 10.5
80 10.5
80 10.5
80 10.5
80 11.5
80 11.5
80 11.5
80 11.5
80 12.5
80 12.5
80 12.5
80 12.5
80 12.5
80 12.5
80 12.5
80 12.5
80 13.5
80 13.5
80 13.5
80 13.5
80 14.5
80 14.5
80 14.5
80 14.5
80 14.5
80 15.5
80 15.5
80 15.5
80 15.5
80 16.5
80 16.5
80 16.5
80 17.5
80 17.5
80 17.5
80 19.5
80 19.5
80 19.5
80 19.5
80 19.5
80 20.5
80 20.5
80 20.5
80 20.5
80 21.5
80 21.5
80 21.5
80 21.5
80 22.5
80 22.5
80 22.5
80 22.5
80 22.5
80 24.5
80 24.5
80 24.5
80 26.5
80 26.5
80 27.5
80 27.5
80 27.5
80 28.5
80 28.5
80 28.5
80 28.5
80 31.5
80 31.5
80 31.5
80 31.5
80 31.5
80 35.5
80 35.5
80 38.5
80 38.5
80 38.5
80 38.5
80 40.5
80 40.5
80 40.5
80 42.5
80 42.5
80 42.5
80 43.5
80 43.5
80 45.5
80 45.5
80 46.5
80 46.5
80 49.5
80 49.5
80 49.5
80 53.5
80 53.5
80 54.5
80 54.5
80 58.5
80 58.5
80 60.5
80 60.5
80 61.5
80 61.5
80 66.5
80 66.5
80 68.5
80 68.5
80 70.5
80 70.5
80 73.5
80 73.5
80 84.5
80 84.5
80 88.5
80 88.5
80 97.5
80 97.5
80 106.5
80 106.5
80 129.5
80 129.5
80 134.5
80 134.5
80 139.5
80 139.5
80 140.5
80 140.5
80 142.5
80 142.5
80 144.5
80 144.5
80 147.5
80 147.5
80 165.5
80 165.5
80 174.5
80 174.5
80 225.5
80 225.5
80 226.5
80 226.5
80 234.5
80 234.5
80 236.5
80 236.5
80 277.5
80 277.5
80 300.5
80 300.5
80 366.5
80 366.5
80 398.5
80 398.5
80 441.5
80 441.5
80 609.5
80 609.5
80 903.5
80 903.5
80 1149.5
80 1149.5
80 1722.5
80 1722.5
80 1772.5
80 1772.5
80 1891.5
80 1891.5
84 1.5
84 1.5
84 1.5
84 1.5
84 1.5
84 1.5
84 1.5
84 1.5
84 1.5
84 1.5
84 1.5
84 1.5
84 1.5
84 1.5
84 1.5
84 1.5
84 1.5
84 1.5
84 1.5
84 1.5
84 1.5
84 1.5
84 1.5
84 1.5
84 1.5
84 1.5
84 2.5
84 2.5
84 2.5
84 2.5
84 2.5
84 2.5
84 2.5
84 2.5
84 2.5
84 2.5
84 2.5
84 2.5
84 2.5
84 2.5
84 2.5
84 2.5
84 2.5
84 3.5
84 3.5
84 3.5
84 3.5
84 3.5
84 3.5
84 3.5
84 3.5
84 3.5
84 3.5
84 3.5
84 3.5
84 3.5
84 3.5
84 3.5
84 3.5
84 3.5
84 3.5
84 3.5
84 3.5
84 3.5
84 3.5
84 4.5
84 4.5
84 4.5
84 4.5
84 4.5
84 4.5
84 4.5
84 4.5
84 4.5
84 4.5
84 4.5
84 4.5
84 4.5
84 4.5
84 4.5
84 4.5
84 5.5
84 5.5
84 5.5
84 5.5
84 5.5
84 5.5
84 5.5
84 5.5
84 5.5
84 5.5
84 5.5
84 5.5
84 5.5
84 5.5
84 5.5
84 5.5
84 5.5
84 5.5
84 6.5
84 6.5
84 6.5
84 6.5
84 6.5
84 6.5
84 6.5
84 6.5
84 6.5
84 7.5
84 7.5
84 7.5
84 7.5
84 7.5
84 7.5
84 7.5
84 7.5
84 7.5
84 7.5
84 7.5
84 8.5
84 8.5
84 8.5
84 8.5
84 8.5
84 8.5
84 8.5
84 8.5
84 8.5
84 8.5
84 8.5
84 8.5
84 8.5
84 9.5
84 9.5
84 9.5
84 9.5
84 9.5
84 9.5
84 9.5
84 9.5
84 10.5
84 10.5
84 10.5
84 10.5
84 10.5
84 10.5
84 10.5
84 10.5
84 10.5
84 10.5
84 10.5
84 10.5
84 11.5
84 11.5
84 11.5
84 11.5
84 12.5
84 12.5
84 12.5
84 12.5
84 12.5
84 12.5
84 12.5
84 13.5
84 13.5
84 13.5
84 13.5
84 13.5
84 13.5
84 13.5
84 14.5
84 14.5
84 14.5
84 14.5
84 14.5
84 15.5
84 15.5
84 16.5
84 16.5
84 16.5
84 16.5
84 16.5
84 16.5
84 17.5
84 17.5
84 18.5
84 18.5
84 19.5
84 19.5
84 19.5
84 19.5
84 19.5
84 19.5
84 21.5
84 21.5
84 21.5
84 24.5
84 24.5
84 25.5
84 25.5
84 28.5
84 28.5
84 29.5
84 29.5
84 29.5
84 29.5
84 29.5
84 30.5
84 30.5
84 31.5
84 31.5
84 33.5
84 33.5
84 33.5
84 34.5
84 34.5
84 34.5
84 35.5
84 35.5
84 36.5
84 36.5
84 39.5
84 39.5
84 39.5
84 40.5
84 40.5
84 41.5
84 41.5
84 42.5
84 42.5
84 45.5
84 45.5
84 47.5
84 47.5
84 50.5
84 50.5
84 51.5
84 51.5
84 56.5
84 56.5
84 63.5
84 63.5
84 63.5
84 65.5
84 65.5
84 66.5
84 66.5
84 66.5
84 70.5
84 70.5
84 83.5
84 83.5
84 85.5
84 85.5
84 106.5
84 106.5
84 108.5
84 108.5
84 108.5
84 115.5
84 115.5
84 168.5
84 168.5
84 174.5
84 174.5
84 186.5
84 186.5
84 201.5
84 201.5
84 206.5
84 206.5
84 225.5
84 225.5
84 248.5
84 248.5
84 259.5
84 259.5
84 290.5
84 290.5
84 303.5
84 303.5
84 370.5
84 370.5
84 400.5
84 400.5
84 730.5
84 730.5
84 768.5
84 768.5
84 958.5
84 958.5
84 958.5
84 1015.5
84 1015.5
84 1029.5
84 1029.5
84 1146.5
84 1146.5
84 1191.5
84 1191.5
84 1813.5
84 1813.5
88 1.5
88 1.5
88 1.5
88 1.5
88 1.5
88 1.5
88 1.5
88 1.5
88 1.5
88 1.5
88 1.5
88 1.5
88 1.5
88 1.5
88 1.5
88 1.5
88 1.5
88 1.5
88 1.5
88 1.5
88 1.5
88 1.5
88 1.5
88 1.5
88 1.5
88 1.5
88 1.5
88 1.5
88 1.5
88 1.5
88 1.5
88 1.5
88 1.5
88 2.5
88 2.5
88 2.5
88 2.5
88 2.5
88 2.5
88 2.5
88 2.5
88 2.5
88 2.5
88 2.5
88 2.5
88 2.5
88 2.5
88 2.5
88 2.5
88 2.5
88 2.5
88 2.5
88 3.5
88 3.5
88 3.5
88 3.5
88 3.5
88 3.5
88 3.5
88 3.5
88 3.5
88 3.5
88 3.5
88 3.5
88 3.5
88 3.5
88 3.5
88 4.5
88 4.5
88 4.5
88 4.5
88 4.5
88 4.5
88 4.5
88 4.5
88 4.5
88 4.5
88 4.5
88 4.5
88 4.5
88 4.5
88 4.5
88 4.5
88 5.5
88 5.5
88 5.5
88 5.5
88 5.5
88 5.5
88 5.5
88 5.5
88 5.5
88 5.5
88 5.5
88 5.5
88 5.5
88 5.5
88 5.5
88 5.5
88 5.5
88 5.5
88 5.5
88 5.5
88 5.5
88 6.5
88 6.5
88 6.5
88 6.5
88 6.5
88 6.5
88 6.5
88 6.5
88 6.5
88 7.5
88 7.5
88 7.5
88 7.5
88 7.5
88 7.5
88 7.5
88 7.5
88 7.5
88 7.5
88 7.5
88 8.5
88 8.5
88 8.5
88 8.5
88 8.5
88 8.5
88 8.5
88 8.5
88 8.5
88 8.5
88 8.5
88 9.5
88 9.5
88 9.5
88 9.5
88 9.5
88 9.5
88 10.5
88 10.5
88 10.5
88 10.5
88 10.5
88 10.5
88 10.5
88 11.5
88 11.5
88 11.5
88 11.5
88 11.5
88 11.5
88 11.5
88 11.5
88 12.5
88 12.5
88 12.5
88 12.5
88 12.5
88 13.5
88 13.5
88 13.5
88 13.5
88 13.5
88 13.5
88 13.5
88 13.5
88 13.5
88 14.5
88 14.5
88 15.5
88 15.5
88 15.5
88 15.5
88 16.5
88 16.5
88 16.5
88 16.5
88 16.5
88 16.5
88 17.5
88 17.5
88 17.5
88 17.5
88 18.5
88 18.5
88 19.5
88 19.5
88 20.5
88 20.5
88 20.5
88 21.5
88 21.5
88 21.5
88 21.5
88 22.5
88 22.5
88 23.5
88 23.5
88 23.5
88 24.5
88 24.5
88 24.5
88 24.5
88 25.5
88 25.5
88 26.5
88 26.5
88 26.5
88 26.5
88 27.5
88 27.5
88 28.5
88 28.5
88 31.5
88 31.5
88 31.5
88 31.5
88 31.5
88 32.5
88 32.5
88 32.5
88 33.5
88 33.5
88 38.5
88 38.5
88 39.5
88 39.5
88 40.5
88 40.5
88 43.5
88 43.5
88 46.5
88 46.5
88 47.5
88 47.5
88 47.5
88 49.5
88 49.5
88 50.5
88 50.5
88 50.5
88 51.5
88 51.5
88 54.5
88 54.5
88 54.5
88 54.5
88 65.5
88 65.5
88 71.5
88 71.5
88 74.5
88 74.5
88 77.5
88 77.5
88 83.5
88 83.5
88 88.5
88 88.5
88 94.5
88 94.5
88 102.5
88 102.5
88 113.5
88 113.5
88 173.5
88 173.5
88 198.5
88 198.5
88 210.5
88 210.5
88 211.5
88 211.5
88 256.5
88 256.5
88 266.5
88 266.5
88 291.5
88 291.5
88 324.5
88 324.5
88 468.5
88 468.5
88 546.5
88 546.5
88 662.5
88 662.5
88 678.5
88 678.5
88 864.5
88 864.5
88 1270.5
88 1270.5
88 1377.5
88 1377.5
88 1432.5
88 1432.5
88 1554.5
88 1554.5
88 1770.5
88 1770.5
92 1.5
92 1.5
92 1.5
92 1.5
92 1.5
92 1.5
92 1.5
92 1.5
92 1.5
92 1.5
92 1.5
92 1.5
92 1.5
92 1.5
92 1.5
92 1.5
92 1.5
92 1.5
92 1.5
92 1.5
92 1.5
92 1.5
92 1.5
92 1.5
92 1.5
92 1.5
92 1.5
92 1.5
92 1.5
92 1.5
92 1.5
92 1.5
92 1.5
92 1.5
92 1.5
92 1.5
92 1.5
92 1.5
92 1.5
92 1.5
92 1.5
92 2.5
92 2.5
92 2.5
92 2.5
92 2.5
92 2.5
92 2.5
92 2.5
92 2.5
92 2.5
92 2.5
92 2.5
92 2.5
92 2.5
92 2.5
92 2.5
92 2.5
92 2.5
92 2.5
92 2.5
92 2.5
92 3.5
92 3.5
92 3.5
92 3.5
92 3.5
92 3.5
92 3.5
92 3.5
92 3.5
92 3.5
92 3.5
92 3.5
92 3.5
92 3.5
92 3.5
92 3.5
92 4.5
92 4.5
92 4.5
92 4.5
92 4.5
92 4.5
92 4.5
92 4.5
92 4.5
92 4.5
92 4.5
92 4.5
92 4.5
92 4.5
92 4.5
92 4.5
92 4.5
92 4.5
92 4.5
92 5.5
92 5.5
92 5.5
92 5.5
92 5.5
92 5.5
92 5.5
92 5.5
92 5.5
92 5.5
92 5.5
92 5.5
92 6.5
92 6.5
92 6.5
92 6.5
92 6.5
92 6.5
92 6.5
92 6.5
92 6.5
92 6.5
92 6.5
92 6.5
92 6.5
92 6.5
92 7.5
92 7.5
92 7.5
92 7.5
92 7.5
92 7.5
92 7.5
92 7.5
92 7.5
92 7.5
92 7.5
92 7.5
92 7.5
92 7.5
92 7.5
92 7.5
92 7.5
92 7.5
92 8.5
92 8.5
92 8.5
92 8.5
92 8.5
92 8.5
92 8.5
92 9.5
92 9.5
92 9.5
92 9.5
92 9.5
92 9.5
92 9.5
92 9.5
92 9.5
92 10.5
92 10.5
92 10.5
92 10.5
92 10.5
92 10.5
92 10.5
92 10.5
92 11.5
92 11.5
92 11.5
92 11.5
92 11.5
92 11.5
92 11.5
92 11.5
92 11.5
92 12.5
92 12.5
92 12.5
92 12.5
92 12.5
92 12.5
92 13.5
92 13.5
92 13.5
92 14.5
92 14.5
92 15.5
92 15.5
92 16.5
92 16.5
92 16.5
92 16.5
92 16.5
92 18.5
92 18.5
92 18.5
92 18.5
92 19.5
92 19.5
92 20.5
92 20.5
92 20.5
92 21.5
92 21.5
92 21.5
92 23.5
92 23.5
92 24.5
92 24.5
92 24.5
92 24.5
92 24.5
92 25.5
92 25.5
92 27.5
92 27.5
92 27.5
92 28.5
92 28.5
92 28.5
92 29.5
92 29.5
92 30.5
92 30.5
92 31.5
92 31.5
92 32.5
92 32.5
92 32.5
92 33.5
92 33.5
92 35.5
92 35.5
92 38.5
92 38.5
92 39.5
92 39.5
92 41.5
92 41.5
92 42.5
92 42.5
92 43.5
92 43.5
92 45.5
92 45.5
92 47.5
92 47.5
92 49.5
92 49.5
92 57.5
92 57.5
92 59.5
92 59.5
92 63.5
92 63.5
92 63.5
92 75.5
92 75.5
92 75.5
92 79.5
92 79.5
92 82.5
92 82.5
92 90.5
92 90.5
92 95.5
92 95.5
92 99.5
92 99.5
92 100.5
92 100.5
92 101.5
92 101.5
92 110.5
92 110.5
92 118.5
92 118.5
92 123.5
92 123.5
92 143.5
92 143.5
92 196.5
92 196.5
92 200.5
92 200.5
92 215.5
92 215.5
92 218.5
92 218.5
92 231.5
92 231.5
92 276.5
92 276.5
92 289.5
92 289.5
92 312.5
92 312.5
92 410.5
92 410.5
92 1056.5
92 1056.5
92 1089.5
92 1089.5
96 1.5
96 1.5
96 1.5
96 1.5
96 1.5
96 1.5
96 1.5
96 1.5
96 1.5
96 1.5
96 1.5
96 1.5
96 1.5
96 1.5
96 1.5
96 1.5
96 1.5
96 1.5
96 1.5
96 1.5
96 1.5
96 1.5
96 1.5
96 1.5
96 1.5
96 1.5
96 1.5
96 1.5
96 1.5
96 2.5
96 2.5
96 2.5
96 2.5
96 2.5
96 2.5
96 2.5
96 2.5
96 2.5
96 2.5
96 2.5
96 2.5
96 2.5
96 2.5
96 2.5
96 2.5
96 2.5
96 3.5
96 3.5
96 3.5
96 3.5
96 3.5
96 3.5
96 3.5
96 3.5
96 3.5
96 3.5
96 3.5
96 3.5
96 3.5
96 3.5
96 3.5
96 3.5
96 3.5
96 3.5
96 3.5
96 3.5
96 3.5
96 4.5
96 4.5
96 4.5
96 4.5
96 4.5
96 4.5
96 4.5
96 4.5
96 4.5
96 4.5
96 4.5
96 4.5
96 4.5
96 4.5
96 4.5
96 4.5
96 5.5
96 5.5
96 5.5
96 5.5
96 5.5
96 5.5
96 5.5
96 5.5
96 5.5
96 5.5
96 5.5
96 5.5
96 6.5
96 6.5
96 6.5
96 6.5
96 6.5
96 6.5
96 6.5
96 6.5
96 6.5
96 6.5
96 6.5
96 6.5
96 6.5
96 6.5
96 6.5
96 6.5
96 6.5
96 6.5
96 7.5
96 7.5
96 7.5
96 7.5
96 7.5
96 7.5
96 7.5
96 7.5
96 8.5
96 8.5
96 8.5
96 8.5
96 8.5
96 9.5
96 9.5
96 9.5
96 9.5
96 9.5
96 10.5
96 10.5
96 10.5
96 10.5
96 10.5
96 10.5
96 10.5
96 10.5
96 10.5
96 10.5
96 10.5
96 10.5
96 11.5
96 11.5
96 11.5
96 11.5
96 11.5
96 11.5
96 11.5
96 12.5
96 12.5
96 13.5
96 13.5
96 13.5
96 13.5
96 13.5
96 13.5
96 13.5
96 14.5
96 14.5
96 14.5
96 14.5
96 14.5
96 14.5
96 14.5
96 14.5
96 15.5
96 15.5
96 15.5
96 16.5
96 16.5
96 17.5
96 17.5
96 17.5
96 17.5
96 17.5
96 17.5
96 17.5
96 17.5
96 17.5
96 18.5
96 18.5
96 18.5
96 19.5
96 19.5
96 19.5
96 20.5
96 20.5
96 20.5
96 20.5
96 22.5
96 22.5
96 22.5
96 23.5
96 23.5
96 25.5
96 25.5
96 25.5
96 26.5
96 26.5
96 26.5
96 27.5
96 27.5
96 27.5
96 28.5
96 28.5
96 28.5
96 28.5
96 30.5
96 30.5
96 30.5
96 31.5
96 31.5
96 31.5
96 32.5
96 32.5
96 32.5
96 32.5
96 33.5
96 33.5
96 34.5
96 34.5
96 35.5
96 35.5
96 35.5
96 39.5
96 39.5
96 42.5
96 42.5
96 42.5
96 43.5
96 43.5
96 45.5
96 45.5
96 47.5
96 47.5
96 48.5
96 48.5
96 49.5
96 49.5
96 52.5
96 52.5
96 52.5
96 54.5
96 54.5
96 55.5
96 55.5
96 56.5
96 56.5
96 59.5
96 59.5
96 60.5
96 60.5
96 63.5
96 63.5
96 69.5
96 69.5
96 71.5
96 71.5
96 73.5
96 73.5
96 74.5
96 74.5
96 76.5
96 76.5
96 105.5
96 105.5
96 108.5
96 108.5
96 126.5
96 126.5
96 133.5
96 133.5
96 145.5
96 145.5
96 166.5
96 166.5
96 167.5
96 167.5
96 168.5
96 168.5
96 176.5
96 176.5
96 181.5
96 181.5
96 205.5
96 205.5
96 259.5
96 259.5
96 326.5
96 326.5
96 401.5
96 401.5
96 414.5
96 414.5
96 545.5
96 545.5
96 670.5
96 670.5
96 949.5
96 949.5
96 1205.5
96 1205.5
96 1331.5
96 1331.5
96 1681.5
96 1681.5
100 1.5
100 1.5
100 1.5
100 1.5
100 1.5
100 1.5
100 1.5
100 1.5
100 1.5
100 1.5
100 1.5
100 1.5
100 1.5
100 1.5
100 1.5
100 1.5
100 1.5
100 1.5
100 1.5
100 1.5
100 1.5
100 1.5
100 1.5
100 1.5
100 1.5
100 1.5
100 1.5
100 1.5
100 1.5
100 1.5
100 1.5
100 1.5
100 1.5
100 1.5
100 1.5
100 1.5
100 2.5
100 2.5
100 2.5
100 2.5
100 2.5
100 2.5
100 2.5
100 2.5
100 2.5
100 2.5
100 2.5
100 2.5
100 2.5
100 2.5
100 2.5
100 2.5
100 2.5
100 2.5
100 2.5
100 3.5
100 3.5
100 3.5
100 3.5
100 3.5
100 3.5
100 3.5
100 3.5
100 3.5
100 3.5
100 3.5
100 3.5
100 3.5
100 3.5
100 3.5
100 3.5
100 3.5
100 3.5
100 3.5
100 3.5
100 3.5
100 3.5
100 3.5
100 3.5
100 4.5
100 4.5
100 4.5
100 4.5
100 4.5
100 4.5
100 4.5
100 4.5
100 4.5
100 4.5
100 4.5
100 4.5
100 4.5
100 4.5
100 4.5
100 4.5
100 4.5
100 4.5
100 4.5
100 4.5
100 4.5
100 5.5
100 5.5
100 5.5
100 5.5
100 5.5
100 5.5
100 5.5
100 5.5
100 5.5
100 5.5
100 5.5
100 5.5
100 6.5
100 6.5
100 6.5
100 6.5
100 6.5
100 6.5
100 6.5
100 6.5
100 6.5
100 6.5
100 6.5
100 6.5
100 6.5
100 6.5
100 6.5
100 6.5
100 6.5
100 6.5
100 7.5
100 7.5
100 7.5
100 7.5
100 7.5
100 7.5
100 7.5
100 7.5
100 7.5
100 7.5
100 7.5
100 8.5
100 8.5
100 9.5
100 9.5
100 9.5
100 9.5
100 9.5
100 9.5
100 9.5
100 9.5
100 10.5
100 10.5
100 10.5
100 10.5
100 10.5
100 10.5
100 10.5
100 10.5
100 11.5
100 11.5
100 11.5
100 11.5
100 11.5
100 11.5
100 11.5
100 11.5
100 11.5
100 11.5
100 12.5
100 12.5
100 12.5
100 12.5
100 13.5
100 13.5
100 13.5
100 13.5
100 13.5
100 14.5
100 14.5
100 14.5
100 15.5
100 15.5
100 15.5
100 15.5
100 15.5
100 15.5
100 16.5
100 16.5
100 16.5
100 17.5
100 17.5
100 17.5
100 17.5
100 18.5
100 18.5
100 18.5
100 18.5
100 19.5
100 19.5
100 19.5
100 20.5
100 20.5
100 20.5
100 20.5
100 21.5
100 21.5
100 22.5
100 22.5
100 22.5
100 22.5
100 23.5
100 23.5
100 24.5
100 24.5
100 24.5
100 24.5
100 25.5
100 25.5
100 26.5
100 26.5
100 26.5
100 27.5
100 27.5
100 29.5
100 29.5
100 31.5
100 31.5
100 33.5
100 33.5
100 33.5
100 34.5
100 34.5
100 34.5
100 35.5
100 35.5
100 36.5
100 36.5
100 36.5
100 37.5
100 37.5
100 37.5
100 39.5
100 39.5
100 43.5
100 43.5
100 45.5
100 45.5
100 46.5
100 46.5
100 48.5
100 48.5
100 48.5
100 49.5
100 49.5
100 56.5
100 56.5
100 58.5
100 58.5
100 61.5
100 61.5
100 62.5
100 62.5
100 119.5
100 119.5
100 129.5
100 129.5
100 129.5
100 132.5
100 132.5
100 163.5
100 163.5
100 175.5
100 175.5
100 182.5
100 182.5
100 205.5
100 205.5
100 207.5
100 207.5
100 239.5
100 239.5
100 325.5
100 325.5
100 378.5
100 378.5
100 378.5
100 414.5
100 414.5
100 511.5
100 511.5
100 560.5
100 560.5
100 567.5
100 567.5
100 760.5
100 760.5
100 1675.5
100 1675.5
104 1.5
104 1.5
104 1.5
104 1.5
104 1.5
104 1.5
104 1.5
104 1.5
104 1.5
104 1.5
104 1.5
104 1.5
104 1.5
104 1.5
104 1.5
104 1.5
104 1.5
104 1.5
104 1.5
104 1.5
104 1.5
104 1.5
104 1.5
104 2.5
104 2.5
104 2.5
104 2.5
104 2.5
104 2.5
104 2.5
104 2.5
104 2.5
104 2.5
104 2.5
104 2.5
104 2.5
104 2.5
104 2.5
104 2.5
104 2.5
104 2.5
104 2.5
104 2.5
104 3.5
104 3.5
104 3.5
104 3.5
104 3.5
104 3.5
104 3.5
104 3.5
104 3.5
104 3.5
104 3.5
104 3.5
104 3.5
104 3.5
104 4.5
104 4.5
104 4.5
104 4.5
104 4.5
104 4.5
104 4.5
104 4.5
104 4.5
104 4.5
104 4.5
104 5.5
104 5.5
104 5.5
104 5.5
104 5.5
104 5.5
104 5.5
104 5.5
104 5.5
104 5.5
104 5.5
104 5.5
104 5.5
104 5.5
104 6.5
104 6.5
104 6.5
104 6.5
104 6.5
104 6.5
104 6.5
104 6.5
104 6.5
104 6.5
104 6.5
104 6.5
104 7.5
104 7.5
104 7.5
104 7.5
104 7.5
104 7.5
104 7.5
104 7.5
104 7.5
104 7.5
104 7.5
104 7.5
104 7.5
104 7.5
104 7.5
104 7.5
104 8.5
104 8.5
104 8.5
104 8.5
104 8.5
104 8.5
104 8.5
104 8.5
104 8.5
104 9.5
104 9.5
104 9.5
104 9.5
104 9.5
104 9.5
104 9.5
104 9.5
104 9.5
104 9.5
104 10.5
104 10.5
104 10.5
104 10.5
104 10.5
104 10.5
104 10.5
104 10.5
104 11.5
104 11.5
104 11.5
104 11.5
104 11.5
104 11.5
104 11.5
104 11.5
104 11.5
104 11.5
104 12.5
104 12.5
104 12.5
104 12.5
104 12.5
104 12.5
104 12.5
104 12.5
104 12.5
104 12.5
104 13.5
104 13.5
104 13.5
104 13.5
104 13.5
104 14.5
104 14.5
104 14.5
104 14.5
104 15.5
104 15.5
104 15.5
104 16.5
104 16.5
104 16.5
104 17.5
104 17.5
104 17.5
104 18.5
104 18.5
104 19.5
104 19.5
104 19.5
104 19.5
104 20.5
104 20.5
104 20.5
104 20.5
104 20.5
104 21.5
104 21.5
104 21.5
104 21.5
104 21.5
104 22.5
104 22.5
104 24.5
104 24.5
104 24.5
104 25.5
104 25.5
104 25.5
104 26.5
104 26.5
104 27.5
104 27.5
104 27.5
104 28.5
104 28.5
104 28.5
104 29.5
104 29.5
104 31.5
104 31.5
104 31.5
104 31.5
104 32.5
104 32.5
104 32.5
104 33.5
104 33.5
104 33.5
104 33.5
104 34.5
104 34.5
104 36.5
104 36.5
104 37.5
104 37.5
104 37.5
104 37.5
104 38.5
104 38.5
104 38.5
104 40.5
104 40.5
104 40.5
104 42.5
104 42.5
104 47.5
104 47.5
104 48.5
104 48.5
104 50.5
104 50.5
104 52.5
104 52.5
104 65.5
104 65.5
104 65.5
104 65.5
104 65.5
104 71.5
104 71.5
104 72.5
104 72.5
104 84.5
104 84.5
104 95.5
104 95.5
104 99.5
104 99.5
104 100.5
104 100.5
104 101.5
104 101.5
104 105.5
104 105.5
104 106.5
104 106.5
104 118.5
104 118.5
104 123.5
104 123.5
104 126.5
104 126.5
104 138.5
104 138.5
104 141.5
104 141.5
104 163.5
104 163.5
104 169.5
104 169.5
104 201.5
104 201.5
104 220.5
104 220.5
104 342.5
104 342.5
104 372.5
104 372.5
104 486.5
104 486.5
104 493.5
104 493.5
104 698.5
104 698.5
104 704.5
104 704.5
104 856.5
104 856.5
104 909.5
104 909.5
104 988.5
104 988.5
104 1057.5
104 1057.5
104 1083.5
104 1083.5
104 1554.5
104 1554.5
104 1734.5
104 1734.5
