5.67 0.0618008 0 0.00475568
6.237 0.0537109 0 0.00413461
6.804 0.0558913 0 0.00481044
7.371 0.0538134 0 0.00429888
7.938 0.0510099 0 0.00382301
8.505 0.0587281 0 0.00459146
9.072 0.0512528 0 0.00418899
9.639 0.0513897 0 0.0039673
10.206 0.0451971 0 0.00351792
10.773 0.0567904 0 0.0042217
11.34 0.0518859 0 0.00444298
11.907 0.045764 0 0.00365097
12.474 0.052755 0 0.00450776
13.041 0.0596261 0 0.00504611
13.608 0.0476168 0 0.0038027
14.175 0.0479696 0 0.00428384
14.742 0.0540272 0 0.00437409
15.309 0.0540272 0 0.00437409
