5.67 0.078168 0 0.00412281
6.237 0.0710054 0 0.00417608
6.804 0.0672753 0 0.00382769
7.371 0.07683 0 0.00411933
7.938 0.0680867 0 0.00356723
8.505 0.0676859 0 0.00366949
9.072 0.0762608 0 0.00385588
9.639 0.07428 0 0.00381288
10.206 0.0701091 0 0.00386595
10.773 0.0728776 0 0.00369663
11.34 0.0657357 0 0.00343042
11.907 0.0689165 0 0.0038012
12.474 0.0712019 0 0.00386623
13.041 0.0652926 0 0.00364117
13.608 0.0696839 0 0.00358964
14.175 0.0675835 0 0.00370434
14.742 0.0699702 0 0.00385024
15.309 0.0699702 0 0.00385024
