5.67 0.0586166 0 0.00392157
6.237 0.0582789 0 0.00360836
6.804 0.0559794 0 0.00391776
7.371 0.0592606 0 0.00397316
7.938 0.0590957 0 0.0035697
8.505 0.0575758 0 0.00401572
9.072 0.0540419 0 0.00346967
9.639 0.0517594 0 0.00317707
10.206 0.0505001 0 0.00344258
10.773 0.0579225 0 0.00383209
11.34 0.0603064 0 0.00376977
11.907 0.0579007 0 0.00401872
12.474 0.0541376 0 0.00347403
13.041 0.0581761 0 0.00392346
13.608 0.0542206 0 0.00353961
14.175 0.0591449 0 0.00387792
14.742 0.0515627 0 0.00376645
15.309 0.0515627 0 0.00376645
