5.67 0.101143 0 0.0042363
6.237 0.110256 0 0.00443644
6.804 0.11658 0 0.00502722
7.371 0.10687 0 0.00426037
7.938 0.106401 0 0.00431705
8.505 0.107955 0 0.00428126
9.072 0.109616 0 0.00432804
9.639 0.101735 0 0.00411909
10.206 0.106093 0 0.00418256
10.773 0.103674 0 0.00420172
11.34 0.113547 0 0.00464882
11.907 0.102593 0 0.00426487
12.474 0.107205 0 0.00402034
13.041 0.10741 0 0.00438343
13.608 0.105938 0 0.0043104
14.175 0.106744 0 0.00441089
14.742 0.107783 0 0.0043694
15.309 0.107783 0 0.0043694
