10 0.5
10 0.5
10 0.5
10 0.5
10 0.5
10 0.5
10 0.5
10 0.5
10 0.5
10 0.5
10 0.5
10 0.5
10 0.5
10 0.5
10 0.5
10 0.5
10 0.5
10 0.5
10 0.5
10 0.5
10 0.5
10 0.5
10 0.5
10 0.5
10 0.5
10 0.5
10 0.5
10 0.5
10 0.5
10 0.5
10 0.5
10 0.5
10 0.5
10 0.5
10 0.5
10 0.5
10 0.5
10 0.5
10 0.5
10 0.5
10 0.5
10 0.5
10 0.5
10 0.5
10 0.5
10 0.5
10 0.5
10 0.5
10 0.5
10 0.5
10 0.5
10 0.5
10 0.5
10 0.5
10 0.5
10 0.5
10 0.5
10 0.5
10 0.5
10 0.5
10 0.5
10 0.5
10 0.5
10 0.5
10 0.5
10 0.5
10 0.5
10 0.5
10 0.5
10 0.5
10 0.5
10 0.5
10 0.5
10 0.5
10 0.5
10 0.5
10 0.5
10 0.5
10 0.5
10 0.5
10 0.5
10 0.5
10 0.5
10 0.5
10 0.5
10 0.5
10 0.5
10 0.5
10 0.5
10 0.5
10 0.5
10 0.5
10 0.5
10 0.5
10 0.5
10 0.5
10 0.5
10 0.5
10 0.5
10 0.5
10 0.5
10 0.5
10 0.5
10 0.5
10 0.5
10 0.5
10 0.5
10 0.5
10 0.5
10 0.5
10 0.5
10 0.5
10 0.5
10 0.5
10 0.5
10 0.5
10 0.5
10 0.5
10 0.5
10 0.5
10 0.5
10 0.5
10 0.5
10 0.5
10 0.5
10 0.5
10 0.5
10 0.5
10 0.5
10 0.5
10 0.5
10 0.5
10 0.5
10 0.5
10 0.5
10 0.5
10 0.5
10 0.5
10 0.5
10 0.5
10 0.5
10 0.5
10 0.5
10 0.5
10 0.5
10 0.5
10 0.5
10 0.5
10 0.5
10 0.5
10 0.5
10 0.5
10 0.5
10 0.5
10 0.5
10 0.5
10 0.5
10 0.5
10 0.5
10 0.5
10 0.5
10 0.5
10 0.5
10 0.5
10 0.5
10 0.5
10 0.5
10 0.5
10 0.5
10 0.5
10 0.5
10 0.5
10 0.5
10 0.5
10 0.5
10 0.5
10 0.5
10 0.5
10 0.5
10 0.5
10 0.5
10 0.5
10 0.5
10 0.5
10 0.5
10 0.5
10 0.5
10 0.5
10 0.5
10 0.5
10 0.5
10 0.5
10 0.5
10 0.5
10 0.5
10 0.5
10 0.5
10 0.5
10 0.5
10 0.5
10 0.5
10 0.5
10 0.5
10 0.5
10 0.5
10 0.5
10 0.5
10 0.5
10 0.5
10 0.5
10 0.5
10 0.5
10 0.5
10 0.5
10 0.5
10 0.5
10 0.5
10 0.5
10 0.5
10 0.5
10 0.5
10 0.5
10 0.5
10 0.5
10 0.5
10 0.5
10 0.5
10 0.5
10 0.5
10 0.5
10 0.5
10 0.5
10 0.5
10 0.5
10 0.5
10 0.5
10 0.5
10 0.5
10 0.5
10 0.5
10 0.5
10 0.5
10 0.5
10 0.5
10 0.5
10 0.5
10 0.5
10 0.5
10 0.5
10 0.5
10 0.5
10 0.5
10 0.5
10 0.5
10 0.5
10 0.5
10 0.5
10 0.5
10 0.5
10 0.5
10 0.5
10 0.5
10 0.5
10 9.5
10 9.5
10 60.5
10 60.5
10 121.5
10 121.5
10 193.5
10 193.5
10 372.5
10 372.5
10 622.5
10 622.5
10 702.5
10 702.5
10 770.5
10 770.5
10 877.5
10 877.5
10 906.5
10 906.5
10 906.5
10 1145.5
10 1145.5
10 1158.5
10 1158.5
10 1175.5
10 1175.5
10 1287.5
10 1287.5
10 1395.5
10 1395.5
10 1467.5
10 1467.5
10 1471.5
10 1471.5
10 1816.5
10 1816.5
10 1880.5
10 1880.5
10 1895.5
10 1895.5
10 1947.5
10 1947.5
10 2046.5
10 2046.5
10 2155.5
10 2155.5
10 2355.5
10 2355.5
10 2502.5
10 2502.5
10 2526.5
10 2526.5
10 2572.5
10 2572.5
10 2781.5
10 2781.5
10 3036.5
10 3036.5
10 3083.5
10 3083.5
10 3147.5
10 3147.5
10 3174.5
10 3174.5
10 3284.5
10 3284.5
10 3705.5
10 3705.5
10 3718.5
10 3718.5
10 3736.5
10 3736.5
10 3805.5
10 3805.5
10 3848.5
10 3848.5
10 3923.5
10 3923.5
10 4035.5
10 4035.5
10 4085.5
10 4085.5
10 4308.5
10 4308.5
10 4579.5
10 4579.5
10 4793.5
10 4793.5
10 4857.5
10 4857.5
10 5017.5
10 5017.5
10 5110.5
10 5110.5
10 5445.5
10 5445.5
10 5668.5
10 5668.5
10 5717.5
10 5717.5
10 5741.5
10 5741.5
10 5809.5
10 5809.5
10 5832.5
10 5832.5
10 5840.5
10 5840.5
10 5861.5
10 5861.5
10 5871.5
10 5871.5
10 5882.5
10 5882.5
10 5904.5
10 5904.5
10 5932.5
10 5932.5
10 6014.5
10 6014.5
10 6140.5
10 6140.5
10 6141.5
10 6141.5
10 6201.5
10 6201.5
10 6246.5
10 6246.5
10 6322.5
10 6322.5
10 6385.5
10 6385.5
10 6513.5
10 6513.5
10 6583.5
10 6583.5
10 6608.5
10 6608.5
10 6664.5
10 6664.5
10 6727.5
10 6727.5
10 6746.5
10 6746.5
10 6767.5
10 6767.5
10 6803.5
10 6803.5
10 6846.5
10 6846.5
10 6867.5
10 6867.5
10 6894.5
10 6894.5
10 6979.5
10 6979.5
10 6989.5
10 6989.5
10 7061.5
10 7061.5
10 7139.5
10 7139.5
10 7208.5
10 7208.5
10 7234.5
10 7234.5
10 7259.5
10 7259.5
10 7331.5
10 7331.5
10 7445.5
10 7445.5
10 7505.5
10 7505.5
10 7578.5
10 7578.5
10 7774.5
10 7774.5
10 7777.5
10 7777.5
10 7837.5
10 7837.5
10 8058.5
10 8058.5
10 8096.5
10 8096.5
10 8108.5
10 8108.5
10 8139.5
10 8139.5
10 8156.5
10 8156.5
10 8183.5
10 8183.5
10 8340.5
10 8340.5
10 8491.5
10 8491.5
10 8529.5
10 8529.5
10 8543.5
10 8543.5
10 8545.5
10 8545.5
10 8714.5
10 8714.5
10 8770.5
10 8770.5
10 8927.5
10 8927.5
10 8979.5
10 8979.5
10 9036.5
10 9036.5
10 9075.5
10 9075.5
10 9463.5
10 9463.5
10 9463.5
10 9556.5
10 9556.5
10 9717.5
10 9717.5
10 9788.5
10 9788.5
10 9816.5
10 9816.5
10 9914.5
10 9914.5
10 9923.5
10 9923.5
10 10130.5
10 10130.5
10 10161.5
10 10161.5
10 10201.5
10 10201.5
10 10277.5
10 10277.5
10 10340.5
10 10340.5
10 10501.5
10 10501.5
10 10520.5
10 10520.5
10 10533.5
10 10533.5
10 10563.5
10 10563.5
10 10710.5
10 10710.5
10 10926.5
10 10926.5
10 10955.5
10 10955.5
10 11001.5
10 11001.5
10 11023.5
10 11023.5
10 11038.5
10 11038.5
10 11061.5
10 11061.5
10 11167.5
10 11167.5
10 11191.5
10 11191.5
10 11230.5
10 11230.5
10 11252.5
10 11252.5
10 11266.5
10 11266.5
10 11284.5
10 11284.5
10 11417.5
10 11417.5
10 11508.5
10 11508.5
10 11515.5
10 11515.5
10 11524.5
10 11524.5
10 11607.5
10 11607.5
10 11625.5
10 11625.5
10 11633.5
10 11633.5
10 11658.5
10 11658.5
10 11660.5
10 11660.5
10 11736.5
10 11736.5
10 11757.5
10 11757.5
10 11781.5
10 11781.5
10 11862.5
10 11862.5
10 11863.5
10 11863.5
10 11873.5
10 11873.5
10 11932.5
10 11932.5
10 12016.5
10 12016.5
10 12016.5
10 12072.5
10 12072.5
10 12085.5
10 12085.5
10 12172.5
10 12172.5
10 12275.5
10 12275.5
10 12357.5
10 12357.5
10 12413.5
10 12413.5
10 12472.5
10 12472.5
10 12523.5
10 12523.5
10 12714.5
10 12714.5
10 12717.5
10 12717.5
10 12797.5
10 12797.5
10 12964.5
10 12964.5
10 12979.5
10 12979.5
10 13090.5
10 13090.5
10 13134.5
10 13134.5
10 13171.5
10 13171.5
10 13245.5
10 13245.5
10 13278.5
10 13278.5
10 13292.5
10 13292.5
10 13305.5
10 13305.5
10 13371.5
10 13371.5
10 13394.5
10 13394.5
10 13411.5
10 13411.5
10 13664.5
10 13664.5
10 13779.5
10 13779.5
10 14022.5
10 14022.5
10 14101.5
10 14101.5
10 14113.5
10 14113.5
10 14222.5
10 14222.5
10 14238.5
10 14238.5
10 14340.5
10 14340.5
10 14915.5
10 14915.5
10 14919.5
10 14919.5
10 14949.5
10 14949.5
10 14998.5
10 14998.5
10 15090.5
10 15090.5
10 15109.5
10 15109.5
10 15113.5
10 15113.5
10 15115.5
10 15115.5
10 15184.5
10 15184.5
10 15241.5
10 15241.5
10 15311.5
10 15311.5
10 15515.5
10 15515.5
10 15831.5
10 15831.5
10 15841.5
10 15841.5
10 15962.5
10 15962.5
10 16251.5
10 16251.5
10 16265.5
10 16265.5
10 17146.5
10 17146.5
10 17840.5
10 17840.5
10 17856.5
10 17856.5
10 17955.5
10 17955.5
10 17985.5
10 17985.5
10 18021.5
10 18021.5
10 18025.5
10 18025.5
10 18050.5
10 18050.5
10 18073.5
10 18073.5
10 18098.5
10 18098.5
10 18217.5
10 18217.5
10 18246.5
10 18246.5
10 18292.5
10 18292.5
10 18332.5
10 18332.5
10 18346.5
10 18346.5
10 18360.5
10 18360.5
10 18375.5
10 18375.5
10 18377.5
10 18377.5
10 18378.5
10 18378.5
10 18406.5
10 18406.5
10 18425.5
10 18425.5
10 18445.5
10 18445.5
10 18471.5
10 18471.5
10 18478.5
10 18478.5
10 18545.5
10 18545.5
10 18585.5
10 18585.5
10 18680.5
10 18680.5
10 18683.5
10 18683.5
10 18933.5
10 18933.5
10 19121.5
10 19121.5
10 19606.5
10 19606.5
10 20222.5
10 20222.5
10 20587.5
10 20587.5
15 0.5
15 0.5
15 0.5
15 0.5
15 0.5
15 0.5
15 0.5
15 0.5
15 0.5
15 0.5
15 0.5
15 0.5
15 0.5
15 0.5
15 0.5
15 0.5
15 0.5
15 0.5
15 0.5
15 0.5
15 0.5
15 0.5
15 0.5
15 0.5
15 0.5
15 0.5
15 0.5
15 0.5
15 0.5
15 0.5
15 0.5
15 0.5
15 0.5
15 0.5
15 0.5
15 0.5
15 0.5
15 0.5
15 0.5
15 0.5
15 0.5
15 0.5
15 0.5
15 0.5
15 0.5
15 0.5
15 0.5
15 0.5
15 0.5
15 0.5
15 0.5
15 0.5
15 0.5
15 0.5
15 0.5
15 0.5
15 0.5
15 0.5
15 0.5
15 0.5
15 0.5
15 0.5
15 0.5
15 0.5
15 0.5
15 0.5
15 0.5
15 0.5
15 0.5
15 0.5
15 0.5
15 0.5
15 0.5
15 0.5
15 0.5
15 0.5
15 0.5
15 0.5
15 0.5
15 0.5
15 0.5
15 0.5
15 0.5
15 0.5
15 0.5
15 0.5
15 0.5
15 0.5
15 0.5
15 0.5
15 0.5
15 0.5
15 0.5
15 0.5
15 0.5
15 0.5
15 0.5
15 0.5
15 0.5
15 0.5
15 0.5
15 0.5
15 0.5
15 0.5
15 0.5
15 0.5
15 0.5
15 0.5
15 0.5
15 0.5
15 0.5
15 0.5
15 0.5
15 0.5
15 0.5
15 0.5
15 0.5
15 0.5
15 0.5
15 0.5
15 0.5
15 0.5
15 0.5
15 0.5
15 0.5
15 0.5
15 0.5
15 0.5
15 0.5
15 0.5
15 0.5
15 0.5
15 0.5
15 0.5
15 0.5
15 0.5
15 0.5
15 0.5
15 0.5
15 0.5
15 0.5
15 0.5
15 0.5
15 0.5
15 0.5
15 0.5
15 0.5
15 0.5
15 0.5
15 0.5
15 0.5
15 0.5
15 0.5
15 0.5
15 0.5
15 0.5
15 0.5
15 0.5
15 0.5
15 0.5
15 0.5
15 0.5
15 0.5
15 0.5
15 0.5
15 0.5
15 0.5
15 0.5
15 0.5
15 0.5
15 0.5
15 0.5
15 0.5
15 0.5
15 0.5
15 0.5
15 0.5
15 0.5
15 0.5
15 0.5
15 0.5
15 0.5
15 0.5
15 0.5
15 0.5
15 0.5
15 0.5
15 0.5
15 0.5
15 0.5
15 0.5
15 0.5
15 0.5
15 0.5
15 0.5
15 0.5
15 0.5
15 0.5
15 0.5
15 0.5
15 0.5
15 0.5
15 0.5
15 0.5
15 0.5
15 0.5
15 0.5
15 0.5
15 0.5
15 0.5
15 0.5
15 0.5
15 0.5
15 0.5
15 0.5
15 0.5
15 0.5
15 0.5
15 0.5
15 0.5
15 0.5
15 0.5
15 0.5
15 0.5
15 0.5
15 0.5
15 0.5
15 0.5
15 0.5
15 0.5
15 0.5
15 0.5
15 0.5
15 0.5
15 0.5
15 0.5
15 0.5
15 0.5
15 0.5
15 8.5
15 8.5
15 52.5
15 52.5
15 65.5
15 65.5
15 289.5
15 289.5
15 365.5
15 365.5
15 375.5
15 375.5
15 403.5
15 403.5
15 474.5
15 474.5
15 576.5
15 576.5
15 582.5
15 582.5
15 637.5
15 637.5
15 647.5
15 647.5
15 720.5
15 720.5
15 727.5
15 727.5
15 741.5
15 741.5
15 873.5
15 873.5
15 1100.5
15 1100.5
15 1300.5
15 1300.5
15 1348.5
15 1348.5
15 1370.5
15 1370.5
15 1618.5
15 1618.5
15 1624.5
15 1624.5
15 1750.5
15 1750.5
15 1791.5
15 1791.5
15 1791.5
15 1835.5
15 1835.5
15 1885.5
15 1885.5
15 1889.5
15 1889.5
15 2042.5
15 2042.5
15 2047.5
15 2047.5
15 2062.5
15 2062.5
15 2119.5
15 2119.5
15 2190.5
15 2190.5
15 2197.5
15 2197.5
15 2277.5
15 2277.5
15 2301.5
15 2301.5
15 2323.5
15 2323.5
15 2367.5
15 2367.5
15 2429.5
15 2429.5
15 2476.5
15 2476.5
15 2477.5
15 2477.5
15 2529.5
15 2529.5
15 2637.5
15 2637.5
15 2735.5
15 2735.5
15 2743.5
15 2743.5
15 2782.5
15 2782.5
15 2814.5
15 2814.5
15 2817.5
15 2817.5
15 2870.5
15 2870.5
15 2903.5
15 2903.5
15 2910.5
15 2910.5
15 3076.5
15 3076.5
15 3156.5
15 3156.5
15 3171.5
15 3171.5
15 3384.5
15 3384.5
15 3420.5
15 3420.5
15 3664.5
15 3664.5
15 3667.5
15 3667.5
15 3960.5
15 3960.5
15 3979.5
15 3979.5
15 3985.5
15 3985.5
15 4065.5
15 4065.5
15 4130.5
15 4130.5
15 4141.5
15 4141.5
15 4246.5
15 4246.5
15 4306.5
15 4306.5
15 4355.5
15 4355.5
15 4636.5
15 4636.5
15 4880.5
15 4880.5
15 4887.5
15 4887.5
15 4974.5
15 4974.5
15 5101.5
15 5101.5
15 5200.5
15 5200.5
15 5223.5
15 5223.5
15 5260.5
15 5260.5
15 5314.5
15 5314.5
15 5321.5
15 5321.5
15 5439.5
15 5439.5
15 5657.5
15 5657.5
15 5873.5
15 5873.5
15 6053.5
15 6053.5
15 6121.5
15 6121.5
15 6152.5
15 6152.5
15 6287.5
15 6287.5
15 6343.5
15 6343.5
15 6393.5
15 6393.5
15 6527.5
15 6527.5
15 6581.5
15 6581.5
15 6643.5
15 6643.5
15 6686.5
15 6686.5
15 6743.5
15 6743.5
15 6774.5
15 6774.5
15 7329.5
15 7329.5
15 7368.5
15 7368.5
15 7374.5
15 7374.5
15 7409.5
15 7409.5
15 7454.5
15 7454.5
15 7515.5
15 7515.5
15 7657.5
15 7657.5
15 7761.5
15 7761.5
15 7795.5
15 7795.5
15 7847.5
15 7847.5
15 7946.5
15 7946.5
15 7963.5
15 7963.5
15 8016.5
15 8016.5
15 8021.5
15 8021.5
15 8115.5
15 8115.5
15 8250.5
15 8250.5
15 8424.5
15 8424.5
15 8438.5
15 8438.5
15 8480.5
15 8480.5
15 8499.5
15 8499.5
15 8613.5
15 8613.5
15 8691.5
15 8691.5
15 8738.5
15 8738.5
15 8908.5
15 8908.5
15 8953.5
15 8953.5
15 8991.5
15 8991.5
15 9043.5
15 9043.5
15 9183.5
15 9183.5
15 9187.5
15 9187.5
15 9207.5
15 9207.5
15 9275.5
15 9275.5
15 9446.5
15 9446.5
15 9621.5
15 9621.5
15 9690.5
15 9690.5
15 9760.5
15 9760.5
15 9954.5
15 9954.5
15 10055.5
15 10055.5
15 10058.5
15 10058.5
15 10076.5
15 10076.5
15 10089.5
15 10089.5
15 10174.5
15 10174.5
15 10537.5
15 10537.5
15 10605.5
15 10605.5
15 10714.5
15 10714.5
15 10720.5
15 10720.5
15 10750.5
15 10750.5
15 10814.5
15 10814.5
15 10973.5
15 10973.5
15 11045.5
15 11045.5
15 11047.5
15 11047.5
15 11053.5
15 11053.5
15 11058.5
15 11058.5
15 11090.5
15 11090.5
15 11148.5
15 11148.5
15 11194.5
15 11194.5
15 11301.5
15 11301.5
15 11322.5
15 11322.5
15 11361.5
15 11361.5
15 11391.5
15 11391.5
15 11429.5
15 11429.5
15 11957.5
15 11957.5
15 11960.5
15 11960.5
15 12047.5
15 12047.5
15 12076.5
15 12076.5
15 12211.5
15 12211.5
15 12265.5
15 12265.5
15 12331.5
15 12331.5
15 12355.5
15 12355.5
15 12395.5
15 12395.5
15 12400.5
15 12400.5
15 12468.5
15 12468.5
15 12474.5
15 12474.5
15 12700.5
15 12700.5
15 12704.5
15 12704.5
15 12777.5
15 12777.5
15 12809.5
15 12809.5
15 12811.5
15 12811.5
15 12811.5
15 12835.5
15 12835.5
15 12865.5
15 12865.5
15 12909.5
15 12909.5
15 12959.5
15 12959.5
15 13000.5
15 13000.5
15 13055.5
15 13055.5
15 13078.5
15 13078.5
15 13115.5
15 13115.5
15 13196.5
15 13196.5
15 13280.5
15 13280.5
15 13294.5
15 13294.5
15 13464.5
15 13464.5
15 13497.5
15 13497.5
15 13569.5
15 13569.5
15 13647.5
15 13647.5
15 13656.5
15 13656.5
15 13685.5
15 13685.5
15 13769.5
15 13769.5
15 13773.5
15 13773.5
15 13827.5
15 13827.5
15 14236.5
15 14236.5
15 14254.5
15 14254.5
15 14290.5
15 14290.5
15 14344.5
15 14344.5
15 14536.5
15 14536.5
15 14567.5
15 14567.5
15 14670.5
15 14670.5
15 14680.5
15 14680.5
15 14725.5
15 14725.5
15 14741.5
15 14741.5
15 14759.5
15 14759.5
15 14772.5
15 14772.5
15 14819.5
15 14819.5
15 14839.5
15 14839.5
15 14846.5
15 14846.5
15 14879.5
15 14879.5
15 14912.5
15 14912.5
15 14914.5
15 14914.5
15 14962.5
15 14962.5
15 15036.5
15 15036.5
15 15057.5
15 15057.5
15 15103.5
15 15103.5
15 15212.5
15 15212.5
15 15590.5
15 15590.5
15 15598.5
15 15598.5
15 15620.5
15 15620.5
15 15757.5
15 15757.5
15 15924.5
15 15924.5
15 16077.5
15 16077.5
15 16178.5
15 16178.5
15 16186.5
15 16186.5
15 16271.5
15 16271.5
15 16333.5
15 16333.5
15 16998.5
15 16998.5
15 17205.5
15 17205.5
15 17215.5
15 17215.5
15 17343.5
15 17343.5
15 17533.5
15 17533.5
15 17575.5
15 17575.5
15 17576.5
15 17576.5
15 18067.5
15 18067.5
15 18180.5
15 18180.5
15 18225.5
15 18225.5
15 18245.5
15 18245.5
15 18310.5
15 18310.5
15 18313.5
15 18313.5
15 18339.5
15 18339.5
15 18457.5
15 18457.5
15 18501.5
15 18501.5
15 18521.5
15 18521.5
15 18627.5
15 18627.5
15 18638.5
15 18638.5
15 18641.5
15 18641.5
15 18642.5
15 18642.5
15 18663.5
15 18663.5
15 18694.5
15 18694.5
15 18791.5
15 18791.5
15 18899.5
15 18899.5
15 19067.5
15 19067.5
15 19169.5
15 19169.5
15 19176.5
15 19176.5
15 19232.5
15 19232.5
15 19344.5
15 19344.5
15 19372.5
15 19372.5
15 19554.5
15 19554.5
15 19609.5
15 19609.5
15 19731.5
15 19731.5
15 20085.5
15 20085.5
15 20660.5
15 20660.5
15 20738.5
15 20738.5
15 23632.5
15 23632.5
15 24612.5
15 24612.5
20 0.5
20 0.5
20 0.5
20 0.5
20 0.5
20 0.5
20 0.5
20 0.5
20 0.5
20 0.5
20 0.5
20 0.5
20 0.5
20 0.5
20 0.5
20 0.5
20 0.5
20 0.5
20 0.5
20 0.5
20 0.5
20 0.5
20 0.5
20 0.5
20 0.5
20 0.5
20 0.5
20 0.5
20 0.5
20 0.5
20 0.5
20 0.5
20 0.5
20 0.5
20 0.5
20 0.5
20 0.5
20 0.5
20 0.5
20 0.5
20 0.5
20 0.5
20 0.5
20 0.5
20 0.5
20 0.5
20 0.5
20 0.5
20 0.5
20 0.5
20 0.5
20 0.5
20 0.5
20 0.5
20 0.5
20 0.5
20 0.5
20 0.5
20 0.5
20 0.5
20 0.5
20 0.5
20 0.5
20 0.5
20 0.5
20 0.5
20 0.5
20 0.5
20 0.5
20 0.5
20 0.5
20 0.5
20 0.5
20 0.5
20 0.5
20 0.5
20 0.5
20 0.5
20 0.5
20 0.5
20 0.5
20 0.5
20 0.5
20 0.5
20 0.5
20 0.5
20 0.5
20 0.5
20 0.5
20 0.5
20 0.5
20 0.5
20 0.5
20 0.5
20 0.5
20 0.5
20 0.5
20 0.5
20 0.5
20 0.5
20 0.5
20 0.5
20 0.5
20 0.5
20 0.5
20 0.5
20 0.5
20 0.5
20 0.5
20 0.5
20 0.5
20 0.5
20 0.5
20 0.5
20 0.5
20 0.5
20 0.5
20 0.5
20 0.5
20 0.5
20 0.5
20 0.5
20 0.5
20 0.5
20 0.5
20 0.5
20 0.5
20 0.5
20 0.5
20 0.5
20 0.5
20 0.5
20 0.5
20 0.5
20 0.5
20 0.5
20 0.5
20 0.5
20 0.5
20 0.5
20 0.5
20 0.5
20 0.5
20 0.5
20 0.5
20 0.5
20 0.5
20 0.5
20 0.5
20 0.5
20 0.5
20 0.5
20 0.5
20 0.5
20 0.5
20 0.5
20 0.5
20 0.5
20 0.5
20 0.5
20 0.5
20 0.5
20 0.5
20 0.5
20 0.5
20 0.5
20 0.5
20 0.5
20 0.5
20 0.5
20 0.5
20 0.5
20 0.5
20 0.5
20 0.5
20 0.5
20 0.5
20 0.5
20 0.5
20 0.5
20 0.5
20 0.5
20 0.5
20 0.5
20 0.5
20 0.5
20 0.5
20 0.5
20 0.5
20 0.5
20 0.5
20 0.5
20 0.5
20 0.5
20 0.5
20 0.5
20 0.5
20 0.5
20 0.5
20 0.5
20 0.5
20 0.5
20 0.5
20 0.5
20 0.5
20 0.5
20 0.5
20 0.5
20 0.5
20 0.5
20 0.5
20 0.5
20 0.5
20 0.5
20 0.5
20 0.5
20 0.5
20 0.5
20 0.5
20 0.5
20 0.5
20 0.5
20 0.5
20 0.5
20 0.5
20 0.5
20 0.5
20 0.5
20 0.5
20 0.5
20 0.5
20 0.5
20 0.5
20 0.5
20 0.5
20 70.5
20 70.5
20 90.5
20 90.5
20 95.5
20 95.5
20 357.5
20 357.5
20 370.5
20 370.5
20 694.5
20 694.5
20 781.5
20 781.5
20 820.5
20 820.5
20 919.5
20 919.5
20 1001.5
20 1001.5
20 1145.5
20 1145.5
20 1172.5
20 1172.5
20 1227.5
20 1227.5
20 1287.5
20 1287.5
20 1412.5
20 1412.5
20 1420.5
20 1420.5
20 1581.5
20 1581.5
20 1582.5
20 1582.5
20 1595.5
20 1595.5
20 1635.5
20 1635.5
20 1713.5
20 1713.5
20 1792.5
20 1792.5
20 1908.5
20 1908.5
20 1911.5
20 1911.5
20 1951.5
20 1951.5
20 2082.5
20 2082.5
20 2115.5
20 2115.5
20 2442.5
20 2442.5
20 2475.5
20 2475.5
20 2484.5
20 2484.5
20 2495.5
20 2495.5
20 2739.5
20 2739.5
20 2766.5
20 2766.5
20 2783.5
20 2783.5
20 2790.5
20 2790.5
20 2827.5
20 2827.5
20 2835.5
20 2835.5
20 2908.5
20 2908.5
20 2941.5
20 2941.5
20 2944.5
20 2944.5
20 3005.5
20 3005.5
20 3037.5
20 3037.5
20 3038.5
20 3038.5
20 3093.5
20 3093.5
20 3220.5
20 3220.5
20 3222.5
20 3222.5
20 3285.5
20 3285.5
20 3353.5
20 3353.5
20 3385.5
20 3385.5
20 3434.5
20 3434.5
20 3442.5
20 3442.5
20 3448.5
20 3448.5
20 3590.5
20 3590.5
20 3671.5
20 3671.5
20 3690.5
20 3690.5
20 3722.5
20 3722.5
20 3772.5
20 3772.5
20 3825.5
20 3825.5
20 3958.5
20 3958.5
20 3975.5
20 3975.5
20 4132.5
20 4132.5
20 4133.5
20 4133.5
20 4154.5
20 4154.5
20 4217.5
20 4217.5
20 4259.5
20 4259.5
20 4285.5
20 4285.5
20 4552.5
20 4552.5
20 4757.5
20 4757.5
20 4818.5
20 4818.5
20 5090.5
20 5090.5
20 5101.5
20 5101.5
20 5118.5
20 5118.5
20 5134.5
20 5134.5
20 5201.5
20 5201.5
20 5304.5
20 5304.5
20 5345.5
20 5345.5
20 5377.5
20 5377.5
20 5488.5
20 5488.5
20 5562.5
20 5562.5
20 5605.5
20 5605.5
20 5640.5
20 5640.5
20 5641.5
20 5641.5
20 5656.5
20 5656.5
20 5685.5
20 5685.5
20 5691.5
20 5691.5
20 5767.5
20 5767.5
20 5819.5
20 5819.5
20 5833.5
20 5833.5
20 5961.5
20 5961.5
20 6003.5
20 6003.5
20 6066.5
20 6066.5
20 6067.5
20 6067.5
20 6180.5
20 6180.5
20 6251.5
20 6251.5
20 6287.5
20 6287.5
20 6324.5
20 6324.5
20 6364.5
20 6364.5
20 6398.5
20 6398.5
20 6476.5
20 6476.5
20 6840.5
20 6840.5
20 6934.5
20 6934.5
20 7026.5
20 7026.5
20 7129.5
20 7129.5
20 7204.5
20 7204.5
20 7213.5
20 7213.5
20 7226.5
20 7226.5
20 7287.5
20 7287.5
20 7387.5
20 7387.5
20 7399.5
20 7399.5
20 7456.5
20 7456.5
20 7491.5
20 7491.5
20 7528.5
20 7528.5
20 7533.5
20 7533.5
20 7847.5
20 7847.5
20 7948.5
20 7948.5
20 8072.5
20 8072.5
20 8141.5
20 8141.5
20 8155.5
20 8155.5
20 8174.5
20 8174.5
20 8190.5
20 8190.5
20 8261.5
20 8261.5
20 8292.5
20 8292.5
20 8311.5
20 8311.5
20 8566.5
20 8566.5
20 8701.5
20 8701.5
20 8777.5
20 8777.5
20 8845.5
20 8845.5
20 8946.5
20 8946.5
20 8981.5
20 8981.5
20 9050.5
20 9050.5
20 9225.5
20 9225.5
20 9292.5
20 9292.5
20 9344.5
20 9344.5
20 9369.5
20 9369.5
20 9524.5
20 9524.5
20 9556.5
20 9556.5
20 9571.5
20 9571.5
20 9637.5
20 9637.5
20 9658.5
20 9658.5
20 9721.5
20 9721.5
20 9724.5
20 9724.5
20 9792.5
20 9792.5
20 9860.5
20 9860.5
20 9873.5
20 9873.5
20 9958.5
20 9958.5
20 10113.5
20 10113.5
20 10145.5
20 10145.5
20 10154.5
20 10154.5
20 10169.5
20 10169.5
20 10233.5
20 10233.5
20 10395.5
20 10395.5
20 10397.5
20 10397.5
20 10487.5
20 10487.5
20 10512.5
20 10512.5
20 10651.5
20 10651.5
20 10656.5
20 10656.5
20 10683.5
20 10683.5
20 10705.5
20 10705.5
20 10764.5
20 10764.5
20 10828.5
20 10828.5
20 10923.5
20 10923.5
20 11045.5
20 11045.5
20 11064.5
20 11064.5
20 11080.5
20 11080.5
20 11087.5
20 11087.5
20 11116.5
20 11116.5
20 11129.5
20 11129.5
20 11156.5
20 11156.5
20 11276.5
20 11276.5
20 11328.5
20 11328.5
20 11375.5
20 11375.5
20 11435.5
20 11435.5
20 11496.5
20 11496.5
20 11503.5
20 11503.5
20 11609.5
20 11609.5
20 11632.5
20 11632.5
20 11697.5
20 11697.5
20 11751.5
20 11751.5
20 11857.5
20 11857.5
20 11897.5
20 11897.5
20 12027.5
20 12027.5
20 12028.5
20 12028.5
20 12057.5
20 12057.5
20 12084.5
20 12084.5
20 12088.5
20 12088.5
20 12189.5
20 12189.5
20 12221.5
20 12221.5
20 12266.5
20 12266.5
20 12346.5
20 12346.5
20 12364.5
20 12364.5
20 12369.5
20 12369.5
20 12400.5
20 12400.5
20 12431.5
20 12431.5
20 12495.5
20 12495.5
20 12511.5
20 12511.5
20 12621.5
20 12621.5
20 12651.5
20 12651.5
20 12850.5
20 12850.5
20 12865.5
20 12865.5
20 12890.5
20 12890.5
20 12925.5
20 12925.5
20 12940.5
20 12940.5
20 13105.5
20 13105.5
20 13121.5
20 13121.5
20 13190.5
20 13190.5
20 13229.5
20 13229.5
20 13336.5
20 13336.5
20 13349.5
20 13349.5
20 13352.5
20 13352.5
20 13426.5
20 13426.5
20 13645.5
20 13645.5
20 13766.5
20 13766.5
20 13845.5
20 13845.5
20 13990.5
20 13990.5
20 14087.5
20 14087.5
20 14134.5
20 14134.5
20 14485.5
20 14485.5
20 14488.5
20 14488.5
20 14544.5
20 14544.5
20 14559.5
20 14559.5
20 14725.5
20 14725.5
20 14782.5
20 14782.5
20 15093.5
20 15093.5
20 15113.5
20 15113.5
20 15268.5
20 15268.5
20 15341.5
20 15341.5
20 15473.5
20 15473.5
20 15548.5
20 15548.5
20 15691.5
20 15691.5
20 15896.5
20 15896.5
20 16041.5
20 16041.5
20 16162.5
20 16162.5
20 16176.5
20 16176.5
20 16498.5
20 16498.5
20 16678.5
20 16678.5
20 17133.5
20 17133.5
20 17314.5
20 17314.5
20 17389.5
20 17389.5
20 17398.5
20 17398.5
20 17660.5
20 17660.5
20 18404.5
20 18404.5
20 18427.5
20 18427.5
20 18441.5
20 18441.5
20 18488.5
20 18488.5
20 18494.5
20 18494.5
20 18506.5
20 18506.5
20 18532.5
20 18532.5
20 18579.5
20 18579.5
20 18603.5
20 18603.5
20 18646.5
20 18646.5
20 18756.5
20 18756.5
20 18758.5
20 18758.5
20 18789.5
20 18789.5
20 18792.5
20 18792.5
20 18865.5
20 18865.5
20 18946.5
20 18946.5
20 19148.5
20 19148.5
20 19148.5
20 19156.5
20 19156.5
20 19223.5
20 19223.5
20 19627.5
20 19627.5
20 20121.5
20 20121.5
20 21244.5
20 21244.5
20 21449.5
20 21449.5
20 23839.5
20 23839.5
25 0.5
25 0.5
25 0.5
25 0.5
25 0.5
25 0.5
25 0.5
25 0.5
25 0.5
25 0.5
25 0.5
25 0.5
25 0.5
25 0.5
25 0.5
25 0.5
25 0.5
25 0.5
25 0.5
25 0.5
25 0.5
25 0.5
25 0.5
25 0.5
25 0.5
25 0.5
25 0.5
25 0.5
25 0.5
25 0.5
25 0.5
25 0.5
25 0.5
25 0.5
25 0.5
25 0.5
25 0.5
25 0.5
25 0.5
25 0.5
25 0.5
25 0.5
25 0.5
25 0.5
25 0.5
25 0.5
25 0.5
25 0.5
25 0.5
25 0.5
25 0.5
25 0.5
25 0.5
25 0.5
25 0.5
25 0.5
25 0.5
25 0.5
25 0.5
25 0.5
25 0.5
25 0.5
25 0.5
25 0.5
25 0.5
25 0.5
25 0.5
25 0.5
25 0.5
25 0.5
25 0.5
25 0.5
25 0.5
25 0.5
25 0.5
25 0.5
25 0.5
25 0.5
25 0.5
25 0.5
25 0.5
25 0.5
25 0.5
25 0.5
25 0.5
25 0.5
25 0.5
25 0.5
25 0.5
25 0.5
25 0.5
25 0.5
25 0.5
25 0.5
25 0.5
25 0.5
25 0.5
25 0.5
25 0.5
25 0.5
25 0.5
25 0.5
25 0.5
25 0.5
25 0.5
25 0.5
25 0.5
25 0.5
25 0.5
25 0.5
25 0.5
25 0.5
25 0.5
25 0.5
25 0.5
25 0.5
25 0.5
25 0.5
25 0.5
25 0.5
25 0.5
25 0.5
25 0.5
25 0.5
25 0.5
25 0.5
25 0.5
25 0.5
25 0.5
25 0.5
25 0.5
25 0.5
25 0.5
25 0.5
25 0.5
25 0.5
25 0.5
25 0.5
25 0.5
25 0.5
25 0.5
25 0.5
25 0.5
25 0.5
25 0.5
25 0.5
25 0.5
25 0.5
25 0.5
25 0.5
25 0.5
25 0.5
25 0.5
25 0.5
25 0.5
25 0.5
25 0.5
25 0.5
25 0.5
25 0.5
25 0.5
25 0.5
25 0.5
25 0.5
25 0.5
25 0.5
25 0.5
25 0.5
25 0.5
25 0.5
25 0.5
25 0.5
25 0.5
25 0.5
25 0.5
25 0.5
25 0.5
25 0.5
25 0.5
25 0.5
25 0.5
25 0.5
25 0.5
25 0.5
25 0.5
25 0.5
25 0.5
25 0.5
25 0.5
25 0.5
25 0.5
25 0.5
25 0.5
25 0.5
25 0.5
25 0.5
25 0.5
25 0.5
25 0.5
25 0.5
25 0.5
25 0.5
25 0.5
25 0.5
25 0.5
25 0.5
25 0.5
25 0.5
25 0.5
25 0.5
25 0.5
25 0.5
25 0.5
25 0.5
25 0.5
25 0.5
25 0.5
25 0.5
25 0.5
25 0.5
25 0.5
25 0.5
25 0.5
25 0.5
25 0.5
25 0.5
25 0.5
25 0.5
25 0.5
25 0.5
25 0.5
25 0.5
25 0.5
25 0.5
25 0.5
25 0.5
25 0.5
25 0.5
25 0.5
25 0.5
25 0.5
25 0.5
25 0.5
25 0.5
25 0.5
25 0.5
25 0.5
25 0.5
25 0.5
25 0.5
25 0.5
25 0.5
25 0.5
25 0.5
25 0.5
25 0.5
25 0.5
25 0.5
25 0.5
25 0.5
25 0.5
25 134.5
25 134.5
25 150.5
25 150.5
25 210.5
25 210.5
25 257.5
25 257.5
25 380.5
25 380.5
25 384.5
25 384.5
25 498.5
25 498.5
25 543.5
25 543.5
25 736.5
25 736.5
25 847.5
25 847.5
25 889.5
25 889.5
25 899.5
25 899.5
25 1119.5
25 1119.5
25 1345.5
25 1345.5
25 1513.5
25 1513.5
25 1655.5
25 1655.5
25 1682.5
25 1682.5
25 1871.5
25 1871.5
25 1965.5
25 1965.5
25 2024.5
25 2024.5
25 2249.5
25 2249.5
25 2317.5
25 2317.5
25 2400.5
25 2400.5
25 2421.5
25 2421.5
25 2427.5
25 2427.5
25 2555.5
25 2555.5
25 2756.5
25 2756.5
25 2904.5
25 2904.5
25 2966.5
25 2966.5
25 2993.5
25 2993.5
25 2996.5
25 2996.5
25 3003.5
25 3003.5
25 3247.5
25 3247.5
25 3261.5
25 3261.5
25 3386.5
25 3386.5
25 3569.5
25 3569.5
25 3574.5
25 3574.5
25 3684.5
25 3684.5
25 3791.5
25 3791.5
25 3804.5
25 3804.5
25 3815.5
25 3815.5
25 3825.5
25 3825.5
25 3852.5
25 3852.5
25 3979.5
25 3979.5
25 4083.5
25 4083.5
25 4146.5
25 4146.5
25 4185.5
25 4185.5
25 4266.5
25 4266.5
25 4397.5
25 4397.5
25 4436.5
25 4436.5
25 4469.5
25 4469.5
25 4491.5
25 4491.5
25 4529.5
25 4529.5
25 4595.5
25 4595.5
25 4650.5
25 4650.5
25 4755.5
25 4755.5
25 5014.5
25 5014.5
25 5055.5
25 5055.5
25 5189.5
25 5189.5
25 5265.5
25 5265.5
25 5310.5
25 5310.5
25 5361.5
25 5361.5
25 5388.5
25 5388.5
25 5658.5
25 5658.5
25 5731.5
25 5731.5
25 5740.5
25 5740.5
25 5851.5
25 5851.5
25 5982.5
25 5982.5
25 6048.5
25 6048.5
25 6197.5
25 6197.5
25 6262.5
25 6262.5
25 6264.5
25 6264.5
25 6273.5
25 6273.5
25 6400.5
25 6400.5
25 6505.5
25 6505.5
25 6521.5
25 6521.5
25 6570.5
25 6570.5
25 6594.5
25 6594.5
25 6615.5
25 6615.5
25 6652.5
25 6652.5
25 6691.5
25 6691.5
25 6715.5
25 6715.5
25 6717.5
25 6717.5
25 6740.5
25 6740.5
25 6902.5
25 6902.5
25 6917.5
25 6917.5
25 6923.5
25 6923.5
25 6932.5
25 6932.5
25 6939.5
25 6939.5
25 6941.5
25 6941.5
25 7221.5
25 7221.5
25 7272.5
25 7272.5
25 7290.5
25 7290.5
25 7329.5
25 7329.5
25 7337.5
25 7337.5
25 7704.5
25 7704.5
25 7786.5
25 7786.5
25 8048.5
25 8048.5
25 8264.5
25 8264.5
25 8335.5
25 8335.5
25 8365.5
25 8365.5
25 8528.5
25 8528.5
25 8612.5
25 8612.5
25 8658.5
25 8658.5
25 8660.5
25 8660.5
25 8725.5
25 8725.5
25 8753.5
25 8753.5
25 8826.5
25 8826.5
25 8975.5
25 8975.5
25 8984.5
25 8984.5
25 9031.5
25 9031.5
25 9109.5
25 9109.5
25 9133.5
25 9133.5
25 9146.5
25 9146.5
25 9199.5
25 9199.5
25 9236.5
25 9236.5
25 9252.5
25 9252.5
25 9356.5
25 9356.5
25 9370.5
25 9370.5
25 9448.5
25 9448.5
25 9504.5
25 9504.5
25 9646.5
25 9646.5
25 9749.5
25 9749.5
25 9864.5
25 9864.5
25 9905.5
25 9905.5
25 9937.5
25 9937.5
25 9994.5
25 9994.5
25 10046.5
25 10046.5
25 10052.5
25 10052.5
25 10089.5
25 10089.5
25 10185.5
25 10185.5
25 10300.5
25 10300.5
25 10321.5
25 10321.5
25 10446.5
25 10446.5
25 10540.5
25 10540.5
25 10615.5
25 10615.5
25 10757.5
25 10757.5
25 10957.5
25 10957.5
25 11187.5
25 11187.5
25 11199.5
25 11199.5
25 11205.5
25 11205.5
25 11263.5
25 11263.5
25 11264.5
25 11264.5
25 11265.5
25 11265.5
25 11321.5
25 11321.5
25 11434.5
25 11434.5
25 11526.5
25 11526.5
25 11557.5
25 11557.5
25 11648.5
25 11648.5
25 11746.5
25 11746.5
25 11774.5
25 11774.5
25 11781.5
25 11781.5
25 11848.5
25 11848.5
25 11881.5
25 11881.5
25 11971.5
25 11971.5
25 12141.5
25 12141.5
25 12247.5
25 12247.5
25 12320.5
25 12320.5
25 12320.5
25 12422.5
25 12422.5
25 12448.5
25 12448.5
25 12475.5
25 12475.5
25 12595.5
25 12595.5
25 12645.5
25 12645.5
25 12652.5
25 12652.5
25 12724.5
25 12724.5
25 12801.5
25 12801.5
25 12853.5
25 12853.5
25 12883.5
25 12883.5
25 12925.5
25 12925.5
25 12986.5
25 12986.5
25 13037.5
25 13037.5
25 13234.5
25 13234.5
25 13265.5
25 13265.5
25 13269.5
25 13269.5
25 13305.5
25 13305.5
25 13474.5
25 13474.5
25 13591.5
25 13591.5
25 13604.5
25 13604.5
25 13648.5
25 13648.5
25 13754.5
25 13754.5
25 13868.5
25 13868.5
25 13908.5
25 13908.5
25 13921.5
25 13921.5
25 14000.5
25 14000.5
25 14013.5
25 14013.5
25 14170.5
25 14170.5
25 14203.5
25 14203.5
25 14520.5
25 14520.5
25 14538.5
25 14538.5
25 14620.5
25 14620.5
25 14651.5
25 14651.5
25 14673.5
25 14673.5
25 14770.5
25 14770.5
25 14855.5
25 14855.5
25 15019.5
25 15019.5
25 15176.5
25 15176.5
25 15293.5
25 15293.5
25 15330.5
25 15330.5
25 15364.5
25 15364.5
25 15501.5
25 15501.5
25 15619.5
25 15619.5
25 15742.5
25 15742.5
25 15792.5
25 15792.5
25 15866.5
25 15866.5
25 16368.5
25 16368.5
25 16430.5
25 16430.5
25 16939.5
25 16939.5
25 17080.5
25 17080.5
25 17117.5
25 17117.5
25 17208.5
25 17208.5
25 17429.5
25 17429.5
25 17870.5
25 17870.5
25 18035.5
25 18035.5
25 18157.5
25 18157.5
25 18160.5
25 18160.5
25 18273.5
25 18273.5
25 18275.5
25 18275.5
25 18288.5
25 18288.5
25 18308.5
25 18308.5
25 18310.5
25 18310.5
25 18370.5
25 18370.5
25 18429.5
25 18429.5
25 18473.5
25 18473.5
25 18587.5
25 18587.5
25 18654.5
25 18654.5
25 18693.5
25 18693.5
25 18751.5
25 18751.5
25 18868.5
25 18868.5
25 18899.5
25 18899.5
25 18925.5
25 18925.5
25 18938.5
25 18938.5
25 18942.5
25 18942.5
25 19460.5
25 19460.5
25 19594.5
25 19594.5
25 19775.5
25 19775.5
25 19940.5
25 19940.5
25 20009.5
25 20009.5
25 21850.5
25 21850.5
30 0.5
30 0.5
30 0.5
30 0.5
30 0.5
30 0.5
30 0.5
30 0.5
30 0.5
30 0.5
30 0.5
30 0.5
30 0.5
30 0.5
30 0.5
30 0.5
30 0.5
30 0.5
30 0.5
30 0.5
30 0.5
30 0.5
30 0.5
30 0.5
30 0.5
30 0.5
30 0.5
30 0.5
30 0.5
30 0.5
30 0.5
30 0.5
30 0.5
30 0.5
30 0.5
30 0.5
30 0.5
30 0.5
30 0.5
30 0.5
30 0.5
30 0.5
30 0.5
30 0.5
30 0.5
30 0.5
30 0.5
30 0.5
30 0.5
30 0.5
30 0.5
30 0.5
30 0.5
30 0.5
30 0.5
30 0.5
30 0.5
30 0.5
30 0.5
30 0.5
30 0.5
30 0.5
30 0.5
30 0.5
30 0.5
30 0.5
30 0.5
30 0.5
30 0.5
30 0.5
30 0.5
30 0.5
30 0.5
30 0.5
30 0.5
30 0.5
30 0.5
30 0.5
30 0.5
30 0.5
30 0.5
30 0.5
30 0.5
30 0.5
30 0.5
30 0.5
30 0.5
30 0.5
30 0.5
30 0.5
30 0.5
30 0.5
30 0.5
30 0.5
30 0.5
30 0.5
30 0.5
30 0.5
30 0.5
30 0.5
30 0.5
30 0.5
30 0.5
30 0.5
30 0.5
30 0.5
30 0.5
30 0.5
30 0.5
30 0.5
30 0.5
30 0.5
30 0.5
30 0.5
30 0.5
30 0.5
30 0.5
30 0.5
30 0.5
30 0.5
30 0.5
30 0.5
30 0.5
30 0.5
30 0.5
30 0.5
30 0.5
30 0.5
30 0.5
30 0.5
30 0.5
30 0.5
30 0.5
30 0.5
30 0.5
30 0.5
30 0.5
30 0.5
30 0.5
30 0.5
30 0.5
30 0.5
30 0.5
30 0.5
30 0.5
30 0.5
30 0.5
30 0.5
30 0.5
30 0.5
30 0.5
30 0.5
30 0.5
30 0.5
30 0.5
30 0.5
30 0.5
30 0.5
30 0.5
30 0.5
30 0.5
30 0.5
30 0.5
30 0.5
30 0.5
30 0.5
30 0.5
30 0.5
30 0.5
30 0.5
30 0.5
30 0.5
30 0.5
30 0.5
30 0.5
30 0.5
30 0.5
30 0.5
30 0.5
30 0.5
30 0.5
30 0.5
30 0.5
30 0.5
30 0.5
30 0.5
30 0.5
30 0.5
30 0.5
30 0.5
30 0.5
30 0.5
30 0.5
30 0.5
30 0.5
30 0.5
30 0.5
30 0.5
30 0.5
30 0.5
30 0.5
30 0.5
30 0.5
30 0.5
30 0.5
30 0.5
30 0.5
30 0.5
30 0.5
30 0.5
30 0.5
30 0.5
30 0.5
30 0.5
30 0.5
30 0.5
30 0.5
30 0.5
30 0.5
30 0.5
30 0.5
30 0.5
30 0.5
30 0.5
30 0.5
30 0.5
30 0.5
30 0.5
30 0.5
30 0.5
30 0.5
30 0.5
30 0.5
30 0.5
30 0.5
30 0.5
30 0.5
30 0.5
30 30.5
30 30.5
30 34.5
30 34.5
30 160.5
30 160.5
30 265.5
30 265.5
30 321.5
30 321.5
30 333.5
30 333.5
30 372.5
30 372.5
30 437.5
30 437.5
30 474.5
30 474.5
30 519.5
30 519.5
30 577.5
30 577.5
30 605.5
30 605.5
30 611.5
30 611.5
30 632.5
30 632.5
30 722.5
30 722.5
30 788.5
30 788.5
30 968.5
30 968.5
30 1091.5
30 1091.5
30 1122.5
30 1122.5
30 1147.5
30 1147.5
30 1164.5
30 1164.5
30 1335.5
30 1335.5
30 1345.5
30 1345.5
30 1431.5
30 1431.5
30 1558.5
30 1558.5
30 1585.5
30 1585.5
30 1639.5
30 1639.5
30 1755.5
30 1755.5
30 1919.5
30 1919.5
30 2129.5
30 2129.5
30 2177.5
30 2177.5
30 2414.5
30 2414.5
30 2550.5
30 2550.5
30 2550.5
30 2631.5
30 2631.5
30 2909.5
30 2909.5
30 2909.5
30 3006.5
30 3006.5
30 3176.5
30 3176.5
30 3231.5
30 3231.5
30 3324.5
30 3324.5
30 3346.5
30 3346.5
30 3488.5
30 3488.5
30 3488.5
30 3651.5
30 3651.5
30 3651.5
30 3670.5
30 3670.5
30 3787.5
30 3787.5
30 4102.5
30 4102.5
30 4261.5
30 4261.5
30 4684.5
30 4684.5
30 4772.5
30 4772.5
30 4806.5
30 4806.5
30 5000.5
30 5000.5
30 5029.5
30 5029.5
30 5065.5
30 5065.5
30 5103.5
30 5103.5
30 5162.5
30 5162.5
30 5253.5
30 5253.5
30 5331.5
30 5331.5
30 5340.5
30 5340.5
30 5342.5
30 5342.5
30 5506.5
30 5506.5
30 5515.5
30 5515.5
30 5556.5
30 5556.5
30 5595.5
30 5595.5
30 5804.5
30 5804.5
30 5892.5
30 5892.5
30 5936.5
30 5936.5
30 5992.5
30 5992.5
30 6033.5
30 6033.5
30 6089.5
30 6089.5
30 6168.5
30 6168.5
30 6171.5
30 6171.5
30 6301.5
30 6301.5
30 6321.5
30 6321.5
30 6338.5
30 6338.5
30 6379.5
30 6379.5
30 6415.5
30 6415.5
30 6417.5
30 6417.5
30 6452.5
30 6452.5
30 6512.5
30 6512.5
30 6574.5
30 6574.5
30 6671.5
30 6671.5
30 7100.5
30 7100.5
30 7279.5
30 7279.5
30 7332.5
30 7332.5
30 7400.5
30 7400.5
30 7457.5
30 7457.5
30 7574.5
30 7574.5
30 7660.5
30 7660.5
30 7714.5
30 7714.5
30 7791.5
30 7791.5
30 7812.5
30 7812.5
30 7872.5
30 7872.5
30 7892.5
30 7892.5
30 7935.5
30 7935.5
30 7936.5
30 7936.5
30 8078.5
30 8078.5
30 8215.5
30 8215.5
30 8302.5
30 8302.5
30 8357.5
30 8357.5
30 8375.5
30 8375.5
30 8522.5
30 8522.5
30 8544.5
30 8544.5
30 8641.5
30 8641.5
30 8643.5
30 8643.5
30 8777.5
30 8777.5
30 8819.5
30 8819.5
30 8887.5
30 8887.5
30 8911.5
30 8911.5
30 8955.5
30 8955.5
30 9021.5
30 9021.5
30 9151.5
30 9151.5
30 9227.5
30 9227.5
30 9263.5
30 9263.5
30 9333.5
30 9333.5
30 9363.5
30 9363.5
30 9396.5
30 9396.5
30 9512.5
30 9512.5
30 9522.5
30 9522.5
30 9579.5
30 9579.5
30 9674.5
30 9674.5
30 9693.5
30 9693.5
30 9896.5
30 9896.5
30 9984.5
30 9984.5
30 10057.5
30 10057.5
30 10060.5
30 10060.5
30 10073.5
30 10073.5
30 10077.5
30 10077.5
30 10166.5
30 10166.5
30 10211.5
30 10211.5
30 10254.5
30 10254.5
30 10262.5
30 10262.5
30 10299.5
30 10299.5
30 10311.5
30 10311.5
30 10463.5
30 10463.5
30 10582.5
30 10582.5
30 10591.5
30 10591.5
30 10619.5
30 10619.5
30 10654.5
30 10654.5
30 10664.5
30 10664.5
30 10743.5
30 10743.5
30 10785.5
30 10785.5
30 10813.5
30 10813.5
30 10897.5
30 10897.5
30 10906.5
30 10906.5
30 10924.5
30 10924.5
30 10945.5
30 10945.5
30 10977.5
30 10977.5
30 11024.5
30 11024.5
30 11041.5
30 11041.5
30 11047.5
30 11047.5
30 11111.5
30 11111.5
30 11411.5
30 11411.5
30 11497.5
30 11497.5
30 11501.5
30 11501.5
30 11546.5
30 11546.5
30 11582.5
30 11582.5
30 11674.5
30 11674.5
30 11797.5
30 11797.5
30 11850.5
30 11850.5
30 11928.5
30 11928.5
30 11984.5
30 11984.5
30 11995.5
30 11995.5
30 12042.5
30 12042.5
30 12044.5
30 12044.5
30 12063.5
30 12063.5
30 12142.5
30 12142.5
30 12160.5
30 12160.5
30 12176.5
30 12176.5
30 12196.5
30 12196.5
30 12242.5
30 12242.5
30 12264.5
30 12264.5
30 12312.5
30 12312.5
30 12339.5
30 12339.5
30 12358.5
30 12358.5
30 12393.5
30 12393.5
30 12493.5
30 12493.5
30 12631.5
30 12631.5
30 12657.5
30 12657.5
30 12663.5
30 12663.5
30 12779.5
30 12779.5
30 12787.5
30 12787.5
30 12818.5
30 12818.5
30 12834.5
30 12834.5
30 12879.5
30 12879.5
30 12900.5
30 12900.5
30 12951.5
30 12951.5
30 13012.5
30 13012.5
30 13045.5
30 13045.5
30 13109.5
30 13109.5
30 13124.5
30 13124.5
30 13364.5
30 13364.5
30 13447.5
30 13447.5
30 13552.5
30 13552.5
30 13580.5
30 13580.5
30 13665.5
30 13665.5
30 13722.5
30 13722.5
30 13736.5
30 13736.5
30 13775.5
30 13775.5
30 14011.5
30 14011.5
30 14089.5
30 14089.5
30 14160.5
30 14160.5
30 14546.5
30 14546.5
30 14743.5
30 14743.5
30 14817.5
30 14817.5
30 14855.5
30 14855.5
30 15157.5
30 15157.5
30 15290.5
30 15290.5
30 15309.5
30 15309.5
30 15407.5
30 15407.5
30 15557.5
30 15557.5
30 15726.5
30 15726.5
30 15781.5
30 15781.5
30 15853.5
30 15853.5
30 16059.5
30 16059.5
30 16191.5
30 16191.5
30 16314.5
30 16314.5
30 16520.5
30 16520.5
30 16533.5
30 16533.5
30 16662.5
30 16662.5
30 16745.5
30 16745.5
30 16812.5
30 16812.5
30 17268.5
30 17268.5
30 17445.5
30 17445.5
30 17770.5
30 17770.5
30 17971.5
30 17971.5
30 18179.5
30 18179.5
30 18236.5
30 18236.5
30 18278.5
30 18278.5
30 18392.5
30 18392.5
30 18433.5
30 18433.5
30 18465.5
30 18465.5
30 18483.5
30 18483.5
30 18545.5
30 18545.5
30 18571.5
30 18571.5
30 18633.5
30 18633.5
30 18733.5
30 18733.5
30 18743.5
30 18743.5
30 18752.5
30 18752.5
30 18936.5
30 18936.5
30 18962.5
30 18962.5
30 18999.5
30 18999.5
30 19003.5
30 19003.5
30 19066.5
30 19066.5
30 19078.5
30 19078.5
30 19090.5
30 19090.5
30 19102.5
30 19102.5
30 19178.5
30 19178.5
30 19432.5
30 19432.5
30 19593.5
30 19593.5
30 19667.5
30 19667.5
30 19828.5
30 19828.5
30 19875.5
30 19875.5
30 19937.5
30 19937.5
30 20439.5
30 20439.5
30 20637.5
30 20637.5
30 20735.5
30 20735.5
30 20906.5
30 20906.5
30 22332.5
30 22332.5
30 23202.5
30 23202.5
30 23413.5
30 23413.5
35 0.5
35 0.5
35 0.5
35 0.5
35 0.5
35 0.5
35 0.5
35 0.5
35 0.5
35 0.5
35 0.5
35 0.5
35 0.5
35 0.5
35 0.5
35 0.5
35 0.5
35 0.5
35 0.5
35 0.5
35 0.5
35 0.5
35 0.5
35 0.5
35 0.5
35 0.5
35 0.5
35 0.5
35 0.5
35 0.5
35 0.5
35 0.5
35 0.5
35 0.5
35 0.5
35 0.5
35 0.5
35 0.5
35 0.5
35 0.5
35 0.5
35 0.5
35 0.5
35 0.5
35 0.5
35 0.5
35 0.5
35 0.5
35 0.5
35 0.5
35 0.5
35 0.5
35 0.5
35 0.5
35 0.5
35 0.5
35 0.5
35 0.5
35 0.5
35 0.5
35 0.5
35 0.5
35 0.5
35 0.5
35 0.5
35 0.5
35 0.5
35 0.5
35 0.5
35 0.5
35 0.5
35 0.5
35 0.5
35 0.5
35 0.5
35 0.5
35 0.5
35 0.5
35 0.5
35 0.5
35 0.5
35 0.5
35 0.5
35 0.5
35 0.5
35 0.5
35 0.5
35 0.5
35 0.5
35 0.5
35 0.5
35 0.5
35 0.5
35 0.5
35 0.5
35 0.5
35 0.5
35 0.5
35 0.5
35 0.5
35 0.5
35 0.5
35 0.5
35 0.5
35 0.5
35 0.5
35 0.5
35 0.5
35 0.5
35 0.5
35 0.5
35 0.5
35 0.5
35 0.5
35 0.5
35 0.5
35 0.5
35 0.5
35 0.5
35 0.5
35 0.5
35 0.5
35 0.5
35 0.5
35 0.5
35 0.5
35 0.5
35 0.5
35 0.5
35 0.5
35 0.5
35 0.5
35 0.5
35 0.5
35 0.5
35 0.5
35 0.5
35 0.5
35 0.5
35 0.5
35 0.5
35 0.5
35 0.5
35 0.5
35 0.5
35 0.5
35 0.5
35 0.5
35 0.5
35 0.5
35 0.5
35 0.5
35 0.5
35 0.5
35 0.5
35 0.5
35 0.5
35 0.5
35 0.5
35 0.5
35 0.5
35 0.5
35 0.5
35 0.5
35 0.5
35 0.5
35 0.5
35 0.5
35 0.5
35 0.5
35 0.5
35 0.5
35 0.5
35 0.5
35 0.5
35 0.5
35 0.5
35 0.5
35 0.5
35 0.5
35 0.5
35 0.5
35 0.5
35 0.5
35 0.5
35 0.5
35 0.5
35 0.5
35 0.5
35 0.5
35 0.5
35 0.5
35 0.5
35 0.5
35 0.5
35 0.5
35 0.5
35 0.5
35 0.5
35 0.5
35 0.5
35 0.5
35 0.5
35 0.5
35 0.5
35 0.5
35 0.5
35 0.5
35 0.5
35 0.5
35 0.5
35 0.5
35 0.5
35 0.5
35 0.5
35 0.5
35 0.5
35 0.5
35 0.5
35 0.5
35 0.5
35 0.5
35 0.5
35 0.5
35 0.5
35 0.5
35 0.5
35 108.5
35 108.5
35 140.5
35 140.5
35 199.5
35 199.5
35 315.5
35 315.5
35 462.5
35 462.5
35 478.5
35 478.5
35 479.5
35 479.5
35 598.5
35 598.5
35 602.5
35 602.5
35 605.5
35 605.5
35 617.5
35 617.5
35 753.5
35 753.5
35 840.5
35 840.5
35 1083.5
35 1083.5
35 1116.5
35 1116.5
35 1199.5
35 1199.5
35 1346.5
35 1346.5
35 1394.5
35 1394.5
35 1486.5
35 1486.5
35 1584.5
35 1584.5
35 1615.5
35 1615.5
35 1636.5
35 1636.5
35 1927.5
35 1927.5
35 1983.5
35 1983.5
35 2022.5
35 2022.5
35 2052.5
35 2052.5
35 2113.5
35 2113.5
35 2134.5
35 2134.5
35 2183.5
35 2183.5
35 2240.5
35 2240.5
35 2243.5
35 2243.5
35 2286.5
35 2286.5
35 2317.5
35 2317.5
35 2372.5
35 2372.5
35 2443.5
35 2443.5
35 2505.5
35 2505.5
35 2632.5
35 2632.5
35 2676.5
35 2676.5
35 2695.5
35 2695.5
35 2757.5
35 2757.5
35 2839.5
35 2839.5
35 2865.5
35 2865.5
35 3016.5
35 3016.5
35 3043.5
35 3043.5
35 3057.5
35 3057.5
35 3072.5
35 3072.5
35 3221.5
35 3221.5
35 3221.5
35 3359.5
35 3359.5
35 3361.5
35 3361.5
35 3600.5
35 3600.5
35 3729.5
35 3729.5
35 3772.5
35 3772.5
35 3784.5
35 3784.5
35 3786.5
35 3786.5
35 3834.5
35 3834.5
35 3898.5
35 3898.5
35 3969.5
35 3969.5
35 4006.5
35 4006.5
35 4093.5
35 4093.5
35 4108.5
35 4108.5
35 4204.5
35 4204.5
35 4211.5
35 4211.5
35 4300.5
35 4300.5
35 4416.5
35 4416.5
35 4494.5
35 4494.5
35 4635.5
35 4635.5
35 4639.5
35 4639.5
35 4652.5
35 4652.5
35 4809.5
35 4809.5
35 4894.5
35 4894.5
35 4926.5
35 4926.5
35 4942.5
35 4942.5
35 4964.5
35 4964.5
35 5025.5
35 5025.5
35 5081.5
35 5081.5
35 5391.5
35 5391.5
35 5468.5
35 5468.5
35 5539.5
35 5539.5
35 5596.5
35 5596.5
35 5775.5
35 5775.5
35 5865.5
35 5865.5
35 5970.5
35 5970.5
35 6071.5
35 6071.5
35 6085.5
35 6085.5
35 6157.5
35 6157.5
35 6158.5
35 6158.5
35 6271.5
35 6271.5
35 6461.5
35 6461.5
35 6618.5
35 6618.5
35 6853.5
35 6853.5
35 6943.5
35 6943.5
35 7132.5
35 7132.5
35 7133.5
35 7133.5
35 7178.5
35 7178.5
35 7450.5
35 7450.5
35 7541.5
35 7541.5
35 7594.5
35 7594.5
35 7747.5
35 7747.5
35 7894.5
35 7894.5
35 7922.5
35 7922.5
35 7969.5
35 7969.5
35 7973.5
35 7973.5
35 8127.5
35 8127.5
35 8163.5
35 8163.5
35 8169.5
35 8169.5
35 8224.5
35 8224.5
35 8306.5
35 8306.5
35 8328.5
35 8328.5
35 8414.5
35 8414.5
35 8512.5
35 8512.5
35 8586.5
35 8586.5
35 8607.5
35 8607.5
35 8652.5
35 8652.5
35 8731.5
35 8731.5
35 8867.5
35 8867.5
35 8968.5
35 8968.5
35 8987.5
35 8987.5
35 9140.5
35 9140.5
35 9254.5
35 9254.5
35 9326.5
35 9326.5
35 9480.5
35 9480.5
35 9481.5
35 9481.5
35 9485.5
35 9485.5
35 9560.5
35 9560.5
35 9640.5
35 9640.5
35 9686.5
35 9686.5
35 9688.5
35 9688.5
35 9800.5
35 9800.5
35 9816.5
35 9816.5
35 9846.5
35 9846.5
35 9870.5
35 9870.5
35 9883.5
35 9883.5
35 9892.5
35 9892.5
35 9957.5
35 9957.5
35 10021.5
35 10021.5
35 10025.5
35 10025.5
35 10148.5
35 10148.5
35 10283.5
35 10283.5
35 10362.5
35 10362.5
35 10422.5
35 10422.5
35 10427.5
35 10427.5
35 10433.5
35 10433.5
35 10464.5
35 10464.5
35 10501.5
35 10501.5
35 10517.5
35 10517.5
35 10555.5
35 10555.5
35 10570.5
35 10570.5
35 10588.5
35 10588.5
35 10599.5
35 10599.5
35 10691.5
35 10691.5
35 10700.5
35 10700.5
35 10758.5
35 10758.5
35 10799.5
35 10799.5
35 10820.5
35 10820.5
35 10833.5
35 10833.5
35 10888.5
35 10888.5
35 10996.5
35 10996.5
35 10997.5
35 10997.5
35 11061.5
35 11061.5
35 11114.5
35 11114.5
35 11198.5
35 11198.5
35 11293.5
35 11293.5
35 11298.5
35 11298.5
35 11299.5
35 11299.5
35 11425.5
35 11425.5
35 11485.5
35 11485.5
35 11507.5
35 11507.5
35 11522.5
35 11522.5
35 11530.5
35 11530.5
35 11540.5
35 11540.5
35 11548.5
35 11548.5
35 11550.5
35 11550.5
35 11606.5
35 11606.5
35 11652.5
35 11652.5
35 11877.5
35 11877.5
35 11896.5
35 11896.5
35 11925.5
35 11925.5
35 11953.5
35 11953.5
35 12024.5
35 12024.5
35 12048.5
35 12048.5
35 12236.5
35 12236.5
35 12253.5
35 12253.5
35 12347.5
35 12347.5
35 12350.5
35 12350.5
35 12370.5
35 12370.5
35 12569.5
35 12569.5
35 12629.5
35 12629.5
35 12644.5
35 12644.5
35 12693.5
35 12693.5
35 12700.5
35 12700.5
35 12926.5
35 12926.5
35 13292.5
35 13292.5
35 13293.5
35 13293.5
35 13294.5
35 13294.5
35 13306.5
35 13306.5
35 13315.5
35 13315.5
35 13319.5
35 13319.5
35 13425.5
35 13425.5
35 13517.5
35 13517.5
35 13584.5
35 13584.5
35 13720.5
35 13720.5
35 13801.5
35 13801.5
35 13909.5
35 13909.5
35 13982.5
35 13982.5
35 14045.5
35 14045.5
35 14359.5
35 14359.5
35 14444.5
35 14444.5
35 14513.5
35 14513.5
35 14728.5
35 14728.5
35 14776.5
35 14776.5
35 14889.5
35 14889.5
35 14893.5
35 14893.5
35 15049.5
35 15049.5
35 15082.5
35 15082.5
35 15167.5
35 15167.5
35 15171.5
35 15171.5
35 15183.5
35 15183.5
35 15311.5
35 15311.5
35 15340.5
35 15340.5
35 15511.5
35 15511.5
35 15601.5
35 15601.5
35 15614.5
35 15614.5
35 15725.5
35 15725.5
35 15732.5
35 15732.5
35 15786.5
35 15786.5
35 15855.5
35 15855.5
35 16051.5
35 16051.5
35 16075.5
35 16075.5
35 16226.5
35 16226.5
35 16871.5
35 16871.5
35 16978.5
35 16978.5
35 17369.5
35 17369.5
35 17400.5
35 17400.5
35 17806.5
35 17806.5
35 17890.5
35 17890.5
35 18244.5
35 18244.5
35 18379.5
35 18379.5
35 18401.5
35 18401.5
35 18461.5
35 18461.5
35 18667.5
35 18667.5
35 18674.5
35 18674.5
35 18707.5
35 18707.5
35 18720.5
35 18720.5
35 18732.5
35 18732.5
35 18801.5
35 18801.5
35 18809.5
35 18809.5
35 19008.5
35 19008.5
35 19041.5
35 19041.5
35 19059.5
35 19059.5
35 19095.5
35 19095.5
35 19103.5
35 19103.5
35 19201.5
35 19201.5
35 19217.5
35 19217.5
35 19245.5
35 19245.5
35 19358.5
35 19358.5
35 19375.5
35 19375.5
35 19452.5
35 19452.5
35 19520.5
35 19520.5
35 19528.5
35 19528.5
35 19560.5
35 19560.5
35 19579.5
35 19579.5
35 19844.5
35 19844.5
35 20339.5
35 20339.5
35 21017.5
35 21017.5
35 21222.5
35 21222.5
35 21555.5
35 21555.5
35 21589.5
35 21589.5
35 21844.5
35 21844.5
35 22764.5
35 22764.5
35 22810.5
35 22810.5
35 23112.5
35 23112.5
40 0.5
40 0.5
40 0.5
40 0.5
40 0.5
40 0.5
40 0.5
40 0.5
40 0.5
40 0.5
40 0.5
40 0.5
40 0.5
40 0.5
40 0.5
40 0.5
40 0.5
40 0.5
40 0.5
40 0.5
40 0.5
40 0.5
40 0.5
40 0.5
40 0.5
40 0.5
40 0.5
40 0.5
40 0.5
40 0.5
40 0.5
40 0.5
40 0.5
40 0.5
40 0.5
40 0.5
40 0.5
40 0.5
40 0.5
40 0.5
40 0.5
40 0.5
40 0.5
40 0.5
40 0.5
40 0.5
40 0.5
40 0.5
40 0.5
40 0.5
40 0.5
40 0.5
40 0.5
40 0.5
40 0.5
40 0.5
40 0.5
40 0.5
40 0.5
40 0.5
40 0.5
40 0.5
40 0.5
40 0.5
40 0.5
40 0.5
40 0.5
40 0.5
40 0.5
40 0.5
40 0.5
40 0.5
40 0.5
40 0.5
40 0.5
40 0.5
40 0.5
40 0.5
40 0.5
40 0.5
40 0.5
40 0.5
40 0.5
40 0.5
40 0.5
40 0.5
40 0.5
40 0.5
40 0.5
40 0.5
40 0.5
40 0.5
40 0.5
40 0.5
40 0.5
40 0.5
40 0.5
40 0.5
40 0.5
40 0.5
40 0.5
40 0.5
40 0.5
40 0.5
40 0.5
40 0.5
40 0.5
40 0.5
40 0.5
40 0.5
40 0.5
40 0.5
40 0.5
40 0.5
40 0.5
40 0.5
40 0.5
40 0.5
40 0.5
40 0.5
40 0.5
40 0.5
40 0.5
40 0.5
40 0.5
40 0.5
40 0.5
40 0.5
40 0.5
40 0.5
40 0.5
40 0.5
40 0.5
40 0.5
40 0.5
40 0.5
40 0.5
40 0.5
40 0.5
40 0.5
40 0.5
40 0.5
40 0.5
40 0.5
40 0.5
40 0.5
40 0.5
40 0.5
40 0.5
40 0.5
40 0.5
40 0.5
40 0.5
40 0.5
40 0.5
40 0.5
40 0.5
40 0.5
40 0.5
40 0.5
40 0.5
40 0.5
40 0.5
40 0.5
40 0.5
40 0.5
40 0.5
40 0.5
40 0.5
40 0.5
40 0.5
40 0.5
40 0.5
40 0.5
40 0.5
40 0.5
40 0.5
40 0.5
40 0.5
40 0.5
40 0.5
40 0.5
40 0.5
40 0.5
40 0.5
40 0.5
40 0.5
40 0.5
40 0.5
40 0.5
40 0.5
40 0.5
40 0.5
40 0.5
40 0.5
40 0.5
40 0.5
40 0.5
40 0.5
40 0.5
40 0.5
40 0.5
40 0.5
40 0.5
40 0.5
40 0.5
40 0.5
40 0.5
40 0.5
40 0.5
40 0.5
40 0.5
40 0.5
40 0.5
40 0.5
40 0.5
40 0.5
40 0.5
40 0.5
40 89.5
40 89.5
40 298.5
40 298.5
40 328.5
40 328.5
40 370.5
40 370.5
40 403.5
40 403.5
40 487.5
40 487.5
40 516.5
40 516.5
40 539.5
40 539.5
40 546.5
40 546.5
40 589.5
40 589.5
40 594.5
40 594.5
40 647.5
40 647.5
40 702.5
40 702.5
40 740.5
40 740.5
40 863.5
40 863.5
40 866.5
40 866.5
40 901.5
40 901.5
40 997.5
40 997.5
40 1024.5
40 1024.5
40 1085.5
40 1085.5
40 1219.5
40 1219.5
40 1387.5
40 1387.5
40 1433.5
40 1433.5
40 1437.5
40 1437.5
40 1438.5
40 1438.5
40 1475.5
40 1475.5
40 1867.5
40 1867.5
40 1920.5
40 1920.5
40 1945.5
40 1945.5
40 2097.5
40 2097.5
40 2372.5
40 2372.5
40 2438.5
40 2438.5
40 2546.5
40 2546.5
40 2570.5
40 2570.5
40 2585.5
40 2585.5
40 2734.5
40 2734.5
40 2791.5
40 2791.5
40 3037.5
40 3037.5
40 3121.5
40 3121.5
40 3301.5
40 3301.5
40 3316.5
40 3316.5
40 3345.5
40 3345.5
40 3380.5
40 3380.5
40 3476.5
40 3476.5
40 3490.5
40 3490.5
40 3586.5
40 3586.5
40 3652.5
40 3652.5
40 3728.5
40 3728.5
40 3918.5
40 3918.5
40 4023.5
40 4023.5
40 4086.5
40 4086.5
40 4115.5
40 4115.5
40 4252.5
40 4252.5
40 4320.5
40 4320.5
40 4488.5
40 4488.5
40 4667.5
40 4667.5
40 4676.5
40 4676.5
40 4685.5
40 4685.5
40 4704.5
40 4704.5
40 4732.5
40 4732.5
40 4753.5
40 4753.5
40 4849.5
40 4849.5
40 4999.5
40 4999.5
40 5033.5
40 5033.5
40 5124.5
40 5124.5
40 5263.5
40 5263.5
40 5375.5
40 5375.5
40 5437.5
40 5437.5
40 5648.5
40 5648.5
40 5796.5
40 5796.5
40 5823.5
40 5823.5
40 5838.5
40 5838.5
40 6017.5
40 6017.5
40 6023.5
40 6023.5
40 6126.5
40 6126.5
40 6179.5
40 6179.5
40 6190.5
40 6190.5
40 6223.5
40 6223.5
40 6315.5
40 6315.5
40 6420.5
40 6420.5
40 6449.5
40 6449.5
40 6449.5
40 6532.5
40 6532.5
40 6584.5
40 6584.5
40 6640.5
40 6640.5
40 6660.5
40 6660.5
40 6666.5
40 6666.5
40 6771.5
40 6771.5
40 6898.5
40 6898.5
40 7091.5
40 7091.5
40 7108.5
40 7108.5
40 7181.5
40 7181.5
40 7193.5
40 7193.5
40 7193.5
40 7242.5
40 7242.5
40 7258.5
40 7258.5
40 7287.5
40 7287.5
40 7288.5
40 7288.5
40 7312.5
40 7312.5
40 7342.5
40 7342.5
40 7385.5
40 7385.5
40 7415.5
40 7415.5
40 7435.5
40 7435.5
40 7527.5
40 7527.5
40 7533.5
40 7533.5
40 7560.5
40 7560.5
40 7565.5
40 7565.5
40 7667.5
40 7667.5
40 7984.5
40 7984.5
40 8064.5
40 8064.5
40 8093.5
40 8093.5
40 8094.5
40 8094.5
40 8109.5
40 8109.5
40 8270.5
40 8270.5
40 8435.5
40 8435.5
40 8467.5
40 8467.5
40 8468.5
40 8468.5
40 8621.5
40 8621.5
40 8705.5
40 8705.5
40 8726.5
40 8726.5
40 8921.5
40 8921.5
40 8927.5
40 8927.5
40 9181.5
40 9181.5
40 9232.5
40 9232.5
40 9350.5
40 9350.5
40 9412.5
40 9412.5
40 9523.5
40 9523.5
40 9547.5
40 9547.5
40 9807.5
40 9807.5
40 10084.5
40 10084.5
40 10259.5
40 10259.5
40 10272.5
40 10272.5
40 10340.5
40 10340.5
40 10421.5
40 10421.5
40 10459.5
40 10459.5
40 10496.5
40 10496.5
40 10523.5
40 10523.5
40 10654.5
40 10654.5
40 10760.5
40 10760.5
40 10820.5
40 10820.5
40 10865.5
40 10865.5
40 10883.5
40 10883.5
40 10908.5
40 10908.5
40 10913.5
40 10913.5
40 10950.5
40 10950.5
40 11019.5
40 11019.5
40 11088.5
40 11088.5
40 11180.5
40 11180.5
40 11194.5
40 11194.5
40 11202.5
40 11202.5
40 11206.5
40 11206.5
40 11390.5
40 11390.5
40 11448.5
40 11448.5
40 11516.5
40 11516.5
40 11556.5
40 11556.5
40 11572.5
40 11572.5
40 11616.5
40 11616.5
40 11676.5
40 11676.5
40 11742.5
40 11742.5
40 11753.5
40 11753.5
40 11781.5
40 11781.5
40 11960.5
40 11960.5
40 12015.5
40 12015.5
40 12015.5
40 12053.5
40 12053.5
40 12076.5
40 12076.5
40 12283.5
40 12283.5
40 12374.5
40 12374.5
40 12397.5
40 12397.5
40 12472.5
40 12472.5
40 12495.5
40 12495.5
40 12500.5
40 12500.5
40 12533.5
40 12533.5
40 12573.5
40 12573.5
40 12591.5
40 12591.5
40 12624.5
40 12624.5
40 12735.5
40 12735.5
40 12813.5
40 12813.5
40 12885.5
40 12885.5
40 12890.5
40 12890.5
40 12933.5
40 12933.5
40 12969.5
40 12969.5
40 12982.5
40 12982.5
40 13009.5
40 13009.5
40 13028.5
40 13028.5
40 13053.5
40 13053.5
40 13075.5
40 13075.5
40 13235.5
40 13235.5
40 13272.5
40 13272.5
40 13278.5
40 13278.5
40 13284.5
40 13284.5
40 13385.5
40 13385.5
40 13490.5
40 13490.5
40 13520.5
40 13520.5
40 13567.5
40 13567.5
40 13584.5
40 13584.5
40 13663.5
40 13663.5
40 13674.5
40 13674.5
40 13827.5
40 13827.5
40 13896.5
40 13896.5
40 13900.5
40 13900.5
40 13938.5
40 13938.5
40 14067.5
40 14067.5
40 14109.5
40 14109.5
40 14198.5
40 14198.5
40 14315.5
40 14315.5
40 14358.5
40 14358.5
40 14358.5
40 14522.5
40 14522.5
40 14598.5
40 14598.5
40 14646.5
40 14646.5
40 14781.5
40 14781.5
40 14882.5
40 14882.5
40 14962.5
40 14962.5
40 14988.5
40 14988.5
40 15044.5
40 15044.5
40 15165.5
40 15165.5
40 15218.5
40 15218.5
40 15223.5
40 15223.5
40 15349.5
40 15349.5
40 15431.5
40 15431.5
40 15537.5
40 15537.5
40 15556.5
40 15556.5
40 15653.5
40 15653.5
40 15678.5
40 15678.5
40 15730.5
40 15730.5
40 15757.5
40 15757.5
40 15827.5
40 15827.5
40 15829.5
40 15829.5
40 15862.5
40 15862.5
40 15863.5
40 15863.5
40 15953.5
40 15953.5
40 16043.5
40 16043.5
40 16174.5
40 16174.5
40 16338.5
40 16338.5
40 16382.5
40 16382.5
40 16421.5
40 16421.5
40 16935.5
40 16935.5
40 17245.5
40 17245.5
40 17315.5
40 17315.5
40 17625.5
40 17625.5
40 17945.5
40 17945.5
40 18214.5
40 18214.5
40 18236.5
40 18236.5
40 18316.5
40 18316.5
40 18434.5
40 18434.5
40 18439.5
40 18439.5
40 18590.5
40 18590.5
40 18648.5
40 18648.5
40 18677.5
40 18677.5
40 18794.5
40 18794.5
40 18835.5
40 18835.5
40 18844.5
40 18844.5
40 18971.5
40 18971.5
40 18973.5
40 18973.5
40 19009.5
40 19009.5
40 19016.5
40 19016.5
40 19036.5
40 19036.5
40 19111.5
40 19111.5
40 19118.5
40 19118.5
40 19332.5
40 19332.5
40 19332.5
40 19337.5
40 19337.5
40 19358.5
40 19358.5
40 19389.5
40 19389.5
40 19414.5
40 19414.5
40 19526.5
40 19526.5
40 19552.5
40 19552.5
40 19690.5
40 19690.5
40 19740.5
40 19740.5
40 19757.5
40 19757.5
40 20199.5
40 20199.5
40 20969.5
40 20969.5
40 21016.5
40 21016.5
40 21049.5
40 21049.5
40 21625.5
40 21625.5
40 22115.5
40 22115.5
40 23324.5
40 23324.5
40 23453.5
40 23453.5
40 23478.5
40 23478.5
40 24901.5
40 24901.5
45 0.5
45 0.5
45 0.5
45 0.5
45 0.5
45 0.5
45 0.5
45 0.5
45 0.5
45 0.5
45 0.5
45 0.5
45 0.5
45 0.5
45 0.5
45 0.5
45 0.5
45 0.5
45 0.5
45 0.5
45 0.5
45 0.5
45 0.5
45 0.5
45 0.5
45 0.5
45 0.5
45 0.5
45 0.5
45 0.5
45 0.5
45 0.5
45 0.5
45 0.5
45 0.5
45 0.5
45 0.5
45 0.5
45 0.5
45 0.5
45 0.5
45 0.5
45 0.5
45 0.5
45 0.5
45 0.5
45 0.5
45 0.5
45 0.5
45 0.5
45 0.5
45 0.5
45 0.5
45 0.5
45 0.5
45 0.5
45 0.5
45 0.5
45 0.5
45 0.5
45 0.5
45 0.5
45 0.5
45 0.5
45 0.5
45 0.5
45 0.5
45 0.5
45 0.5
45 0.5
45 0.5
45 0.5
45 0.5
45 0.5
45 0.5
45 0.5
45 0.5
45 0.5
45 0.5
45 0.5
45 0.5
45 0.5
45 0.5
45 0.5
45 0.5
45 0.5
45 0.5
45 0.5
45 0.5
45 0.5
45 0.5
45 0.5
45 0.5
45 0.5
45 0.5
45 0.5
45 0.5
45 0.5
45 0.5
45 0.5
45 0.5
45 0.5
45 0.5
45 0.5
45 0.5
45 0.5
45 0.5
45 0.5
45 0.5
45 0.5
45 0.5
45 0.5
45 0.5
45 0.5
45 0.5
45 0.5
45 0.5
45 0.5
45 0.5
45 0.5
45 0.5
45 0.5
45 0.5
45 0.5
45 0.5
45 0.5
45 0.5
45 0.5
45 0.5
45 0.5
45 0.5
45 0.5
45 0.5
45 0.5
45 0.5
45 0.5
45 0.5
45 0.5
45 0.5
45 0.5
45 0.5
45 0.5
45 0.5
45 0.5
45 0.5
45 0.5
45 0.5
45 0.5
45 0.5
45 0.5
45 0.5
45 0.5
45 0.5
45 0.5
45 0.5
45 0.5
45 0.5
45 0.5
45 0.5
45 0.5
45 0.5
45 0.5
45 0.5
45 0.5
45 0.5
45 0.5
45 0.5
45 0.5
45 0.5
45 0.5
45 0.5
45 0.5
45 0.5
45 0.5
45 0.5
45 0.5
45 0.5
45 0.5
45 0.5
45 0.5
45 0.5
45 0.5
45 0.5
45 0.5
45 0.5
45 0.5
45 0.5
45 0.5
45 0.5
45 0.5
45 0.5
45 0.5
45 0.5
45 0.5
45 0.5
45 0.5
45 0.5
45 0.5
45 0.5
45 0.5
45 0.5
45 0.5
45 0.5
45 0.5
45 0.5
45 0.5
45 0.5
45 0.5
45 0.5
45 0.5
45 0.5
45 0.5
45 0.5
45 0.5
45 0.5
45 0.5
45 0.5
45 0.5
45 0.5
45 0.5
45 0.5
45 0.5
45 0.5
45 0.5
45 0.5
45 0.5
45 0.5
45 0.5
45 0.5
45 0.5
45 0.5
45 0.5
45 0.5
45 0.5
45 0.5
45 0.5
45 0.5
45 0.5
45 0.5
45 0.5
45 0.5
45 0.5
45 0.5
45 0.5
45 26.5
45 26.5
45 148.5
45 148.5
45 201.5
45 201.5
45 468.5
45 468.5
45 692.5
45 692.5
45 788.5
45 788.5
45 827.5
45 827.5
45 1088.5
45 1088.5
45 1212.5
45 1212.5
45 1506.5
45 1506.5
45 1550.5
45 1550.5
45 1608.5
45 1608.5
45 1786.5
45 1786.5
45 1811.5
45 1811.5
45 1868.5
45 1868.5
45 1963.5
45 1963.5
45 2028.5
45 2028.5
45 2037.5
45 2037.5
45 2162.5
45 2162.5
45 2246.5
45 2246.5
45 2321.5
45 2321.5
45 2325.5
45 2325.5
45 2341.5
45 2341.5
45 2347.5
45 2347.5
45 2407.5
45 2407.5
45 2475.5
45 2475.5
45 2519.5
45 2519.5
45 2575.5
45 2575.5
45 2610.5
45 2610.5
45 2739.5
45 2739.5
45 2890.5
45 2890.5
45 2946.5
45 2946.5
45 2969.5
45 2969.5
45 3020.5
45 3020.5
45 3154.5
45 3154.5
45 3200.5
45 3200.5
45 3302.5
45 3302.5
45 3324.5
45 3324.5
45 3372.5
45 3372.5
45 3511.5
45 3511.5
45 3651.5
45 3651.5
45 3659.5
45 3659.5
45 3700.5
45 3700.5
45 3809.5
45 3809.5
45 3867.5
45 3867.5
45 3956.5
45 3956.5
45 4080.5
45 4080.5
45 4082.5
45 4082.5
45 4093.5
45 4093.5
45 4138.5
45 4138.5
45 4165.5
45 4165.5
45 4183.5
45 4183.5
45 4203.5
45 4203.5
45 4226.5
45 4226.5
45 4287.5
45 4287.5
45 4447.5
45 4447.5
45 4493.5
45 4493.5
45 4530.5
45 4530.5
45 4586.5
45 4586.5
45 4605.5
45 4605.5
45 4687.5
45 4687.5
45 4737.5
45 4737.5
45 4742.5
45 4742.5
45 4776.5
45 4776.5
45 4815.5
45 4815.5
45 4896.5
45 4896.5
45 4901.5
45 4901.5
45 4910.5
45 4910.5
45 4986.5
45 4986.5
45 5075.5
45 5075.5
45 5131.5
45 5131.5
45 5213.5
45 5213.5
45 5221.5
45 5221.5
45 5243.5
45 5243.5
45 5270.5
45 5270.5
45 5403.5
45 5403.5
45 5470.5
45 5470.5
45 5483.5
45 5483.5
45 5517.5
45 5517.5
45 5624.5
45 5624.5
45 5657.5
45 5657.5
45 5684.5
45 5684.5
45 5686.5
45 5686.5
45 5703.5
45 5703.5
45 5856.5
45 5856.5
45 5881.5
45 5881.5
45 5926.5
45 5926.5
45 5961.5
45 5961.5
45 6024.5
45 6024.5
45 6061.5
45 6061.5
45 6079.5
45 6079.5
45 6103.5
45 6103.5
45 6106.5
45 6106.5
45 6268.5
45 6268.5
45 6306.5
45 6306.5
45 6354.5
45 6354.5
45 6434.5
45 6434.5
45 6535.5
45 6535.5
45 6645.5
45 6645.5
45 6646.5
45 6646.5
45 6776.5
45 6776.5
45 6810.5
45 6810.5
45 7123.5
45 7123.5
45 7363.5
45 7363.5
45 7406.5
45 7406.5
45 7487.5
45 7487.5
45 7525.5
45 7525.5
45 7544.5
45 7544.5
45 7619.5
45 7619.5
45 7759.5
45 7759.5
45 7874.5
45 7874.5
45 7967.5
45 7967.5
45 8035.5
45 8035.5
45 8245.5
45 8245.5
45 8294.5
45 8294.5
45 8356.5
45 8356.5
45 8411.5
45 8411.5
45 8589.5
45 8589.5
45 8768.5
45 8768.5
45 8875.5
45 8875.5
45 8907.5
45 8907.5
45 8910.5
45 8910.5
45 9009.5
45 9009.5
45 9078.5
45 9078.5
45 9102.5
45 9102.5
45 9190.5
45 9190.5
45 9200.5
45 9200.5
45 9312.5
45 9312.5
45 9459.5
45 9459.5
45 9462.5
45 9462.5
45 9521.5
45 9521.5
45 9610.5
45 9610.5
45 9625.5
45 9625.5
45 9865.5
45 9865.5
45 9946.5
45 9946.5
45 9953.5
45 9953.5
45 9998.5
45 9998.5
45 10265.5
45 10265.5
45 10549.5
45 10549.5
45 10567.5
45 10567.5
45 10569.5
45 10569.5
45 10613.5
45 10613.5
45 10636.5
45 10636.5
45 10800.5
45 10800.5
45 10980.5
45 10980.5
45 11051.5
45 11051.5
45 11058.5
45 11058.5
45 11096.5
45 11096.5
45 11098.5
45 11098.5
45 11276.5
45 11276.5
45 11403.5
45 11403.5
45 11448.5
45 11448.5
45 11701.5
45 11701.5
45 11799.5
45 11799.5
45 11871.5
45 11871.5
45 11889.5
45 11889.5
45 11906.5
45 11906.5
45 11998.5
45 11998.5
45 12084.5
45 12084.5
45 12186.5
45 12186.5
45 12211.5
45 12211.5
45 12226.5
45 12226.5
45 12289.5
45 12289.5
45 12317.5
45 12317.5
45 12342.5
45 12342.5
45 12501.5
45 12501.5
45 12625.5
45 12625.5
45 12716.5
45 12716.5
45 12762.5
45 12762.5
45 12766.5
45 12766.5
45 12780.5
45 12780.5
45 12797.5
45 12797.5
45 12830.5
45 12830.5
45 12844.5
45 12844.5
45 12888.5
45 12888.5
45 12949.5
45 12949.5
45 13047.5
45 13047.5
45 13100.5
45 13100.5
45 13106.5
45 13106.5
45 13138.5
45 13138.5
45 13289.5
45 13289.5
45 13422.5
45 13422.5
45 13442.5
45 13442.5
45 13540.5
45 13540.5
45 13593.5
45 13593.5
45 13615.5
45 13615.5
45 13633.5
45 13633.5
45 13638.5
45 13638.5
45 13733.5
45 13733.5
45 13750.5
45 13750.5
45 13785.5
45 13785.5
45 13826.5
45 13826.5
45 14073.5
45 14073.5
45 14349.5
45 14349.5
45 14465.5
45 14465.5
45 14585.5
45 14585.5
45 14589.5
45 14589.5
45 14641.5
45 14641.5
45 14818.5
45 14818.5
45 14842.5
45 14842.5
45 14895.5
45 14895.5
45 14975.5
45 14975.5
45 15046.5
45 15046.5
45 15250.5
45 15250.5
45 15360.5
45 15360.5
45 15365.5
45 15365.5
45 15369.5
45 15369.5
45 15413.5
45 15413.5
45 15522.5
45 15522.5
45 15546.5
45 15546.5
45 15560.5
45 15560.5
45 15599.5
45 15599.5
45 15689.5
45 15689.5
45 15721.5
45 15721.5
45 15861.5
45 15861.5
45 16116.5
45 16116.5
45 16247.5
45 16247.5
45 16291.5
45 16291.5
45 16433.5
45 16433.5
45 16510.5
45 16510.5
45 16735.5
45 16735.5
45 16813.5
45 16813.5
45 17029.5
45 17029.5
45 17223.5
45 17223.5
45 17552.5
45 17552.5
45 17731.5
45 17731.5
45 17842.5
45 17842.5
45 17862.5
45 17862.5
45 17998.5
45 17998.5
45 18221.5
45 18221.5
45 18343.5
45 18343.5
45 18770.5
45 18770.5
45 18883.5
45 18883.5
45 19165.5
45 19165.5
45 19178.5
45 19178.5
45 19245.5
45 19245.5
45 19522.5
45 19522.5
45 19537.5
45 19537.5
45 19722.5
45 19722.5
45 19848.5
45 19848.5
45 19991.5
45 19991.5
45 20034.5
45 20034.5
45 20161.5
45 20161.5
45 20646.5
45 20646.5
45 20752.5
45 20752.5
45 21517.5
45 21517.5
45 21556.5
45 21556.5
45 21671.5
45 21671.5
45 22234.5
45 22234.5
45 22339.5
45 22339.5
45 23478.5
45 23478.5
45 23499.5
45 23499.5
45 24061.5
45 24061.5
45 24153.5
45 24153.5
45 24485.5
45 24485.5
50 0.5
50 0.5
50 0.5
50 0.5
50 0.5
50 0.5
50 0.5
50 0.5
50 0.5
50 0.5
50 0.5
50 0.5
50 0.5
50 0.5
50 0.5
50 0.5
50 0.5
50 0.5
50 0.5
50 0.5
50 0.5
50 0.5
50 0.5
50 0.5
50 0.5
50 0.5
50 0.5
50 0.5
50 0.5
50 0.5
50 0.5
50 0.5
50 0.5
50 0.5
50 0.5
50 0.5
50 0.5
50 0.5
50 0.5
50 0.5
50 0.5
50 0.5
50 0.5
50 0.5
50 0.5
50 0.5
50 0.5
50 0.5
50 0.5
50 0.5
50 0.5
50 0.5
50 0.5
50 0.5
50 0.5
50 0.5
50 0.5
50 0.5
50 0.5
50 0.5
50 0.5
50 0.5
50 0.5
50 0.5
50 0.5
50 0.5
50 0.5
50 0.5
50 0.5
50 0.5
50 0.5
50 0.5
50 0.5
50 0.5
50 0.5
50 0.5
50 0.5
50 0.5
50 0.5
50 0.5
50 0.5
50 0.5
50 0.5
50 0.5
50 0.5
50 0.5
50 0.5
50 0.5
50 0.5
50 0.5
50 0.5
50 0.5
50 0.5
50 0.5
50 0.5
50 0.5
50 0.5
50 0.5
50 0.5
50 0.5
50 0.5
50 0.5
50 0.5
50 0.5
50 0.5
50 0.5
50 0.5
50 0.5
50 0.5
50 0.5
50 0.5
50 0.5
50 0.5
50 0.5
50 0.5
50 0.5
50 0.5
50 0.5
50 0.5
50 0.5
50 0.5
50 0.5
50 0.5
50 0.5
50 0.5
50 0.5
50 0.5
50 0.5
50 0.5
50 0.5
50 0.5
50 0.5
50 0.5
50 0.5
50 0.5
50 0.5
50 0.5
50 0.5
50 0.5
50 0.5
50 0.5
50 0.5
50 0.5
50 0.5
50 0.5
50 0.5
50 0.5
50 0.5
50 0.5
50 0.5
50 0.5
50 0.5
50 0.5
50 0.5
50 0.5
50 0.5
50 0.5
50 0.5
50 0.5
50 0.5
50 0.5
50 0.5
50 0.5
50 0.5
50 0.5
50 0.5
50 0.5
50 0.5
50 0.5
50 0.5
50 0.5
50 0.5
50 0.5
50 0.5
50 0.5
50 0.5
50 0.5
50 0.5
50 0.5
50 0.5
50 0.5
50 0.5
50 0.5
50 0.5
50 0.5
50 0.5
50 0.5
50 0.5
50 0.5
50 0.5
50 0.5
50 0.5
50 0.5
50 0.5
50 0.5
50 0.5
50 0.5
50 0.5
50 0.5
50 0.5
50 0.5
50 0.5
50 0.5
50 0.5
50 0.5
50 0.5
50 0.5
50 0.5
50 0.5
50 0.5
50 0.5
50 0.5
50 0.5
50 0.5
50 0.5
50 0.5
50 0.5
50 0.5
50 0.5
50 0.5
50 0.5
50 0.5
50 0.5
50 0.5
50 0.5
50 0.5
50 0.5
50 0.5
50 0.5
50 0.5
50 0.5
50 0.5
50 0.5
50 0.5
50 0.5
50 0.5
50 0.5
50 0.5
50 0.5
50 0.5
50 0.5
50 0.5
50 38.5
50 38.5
50 113.5
50 113.5
50 191.5
50 191.5
50 291.5
50 291.5
50 301.5
50 301.5
50 377.5
50 377.5
50 496.5
50 496.5
50 530.5
50 530.5
50 922.5
50 922.5
50 926.5
50 926.5
50 964.5
50 964.5
50 1171.5
50 1171.5
50 1200.5
50 1200.5
50 1216.5
50 1216.5
50 1414.5
50 1414.5
50 1448.5
50 1448.5
50 1593.5
50 1593.5
50 1630.5
50 1630.5
50 1693.5
50 1693.5
50 1711.5
50 1711.5
50 1791.5
50 1791.5
50 1802.5
50 1802.5
50 1915.5
50 1915.5
50 1933.5
50 1933.5
50 1940.5
50 1940.5
50 2156.5
50 2156.5
50 2161.5
50 2161.5
50 2358.5
50 2358.5
50 2628.5
50 2628.5
50 2832.5
50 2832.5
50 2902.5
50 2902.5
50 3048.5
50 3048.5
50 3052.5
50 3052.5
50 3054.5
50 3054.5
50 3065.5
50 3065.5
50 3076.5
50 3076.5
50 3136.5
50 3136.5
50 3172.5
50 3172.5
50 3214.5
50 3214.5
50 3380.5
50 3380.5
50 3544.5
50 3544.5
50 3626.5
50 3626.5
50 3683.5
50 3683.5
50 3688.5
50 3688.5
50 3766.5
50 3766.5
50 3792.5
50 3792.5
50 3884.5
50 3884.5
50 3964.5
50 3964.5
50 4039.5
50 4039.5
50 4057.5
50 4057.5
50 4092.5
50 4092.5
50 4283.5
50 4283.5
50 4313.5
50 4313.5
50 4425.5
50 4425.5
50 4484.5
50 4484.5
50 4529.5
50 4529.5
50 4608.5
50 4608.5
50 4627.5
50 4627.5
50 4630.5
50 4630.5
50 4663.5
50 4663.5
50 4808.5
50 4808.5
50 4882.5
50 4882.5
50 4920.5
50 4920.5
50 5185.5
50 5185.5
50 5239.5
50 5239.5
50 5271.5
50 5271.5
50 5403.5
50 5403.5
50 5430.5
50 5430.5
50 5446.5
50 5446.5
50 5608.5
50 5608.5
50 5774.5
50 5774.5
50 5927.5
50 5927.5
50 6065.5
50 6065.5
50 6145.5
50 6145.5
50 6356.5
50 6356.5
50 6371.5
50 6371.5
50 6486.5
50 6486.5
50 6521.5
50 6521.5
50 6899.5
50 6899.5
50 6923.5
50 6923.5
50 6976.5
50 6976.5
50 7096.5
50 7096.5
50 7136.5
50 7136.5
50 7183.5
50 7183.5
50 7268.5
50 7268.5
50 7345.5
50 7345.5
50 7424.5
50 7424.5
50 7467.5
50 7467.5
50 7481.5
50 7481.5
50 7572.5
50 7572.5
50 7613.5
50 7613.5
50 7770.5
50 7770.5
50 7821.5
50 7821.5
50 7885.5
50 7885.5
50 7896.5
50 7896.5
50 8004.5
50 8004.5
50 8147.5
50 8147.5
50 8238.5
50 8238.5
50 8246.5
50 8246.5
50 8259.5
50 8259.5
50 8295.5
50 8295.5
50 8314.5
50 8314.5
50 8388.5
50 8388.5
50 8388.5
50 8460.5
50 8460.5
50 8597.5
50 8597.5
50 8687.5
50 8687.5
50 8779.5
50 8779.5
50 8837.5
50 8837.5
50 8844.5
50 8844.5
50 8847.5
50 8847.5
50 9004.5
50 9004.5
50 9035.5
50 9035.5
50 9051.5
50 9051.5
50 9337.5
50 9337.5
50 9349.5
50 9349.5
50 9355.5
50 9355.5
50 9406.5
50 9406.5
50 9415.5
50 9415.5
50 9539.5
50 9539.5
50 9598.5
50 9598.5
50 9723.5
50 9723.5
50 9818.5
50 9818.5
50 9819.5
50 9819.5
50 9821.5
50 9821.5
50 9852.5
50 9852.5
50 9949.5
50 9949.5
50 10078.5
50 10078.5
50 10116.5
50 10116.5
50 10138.5
50 10138.5
50 10175.5
50 10175.5
50 10201.5
50 10201.5
50 10241.5
50 10241.5
50 10366.5
50 10366.5
50 10381.5
50 10381.5
50 10561.5
50 10561.5
50 10576.5
50 10576.5
50 10704.5
50 10704.5
50 10807.5
50 10807.5
50 10808.5
50 10808.5
50 10843.5
50 10843.5
50 10949.5
50 10949.5
50 11073.5
50 11073.5
50 11242.5
50 11242.5
50 11248.5
50 11248.5
50 11272.5
50 11272.5
50 11319.5
50 11319.5
50 11375.5
50 11375.5
50 11562.5
50 11562.5
50 11705.5
50 11705.5
50 11842.5
50 11842.5
50 11849.5
50 11849.5
50 11851.5
50 11851.5
50 11901.5
50 11901.5
50 11943.5
50 11943.5
50 11994.5
50 11994.5
50 12043.5
50 12043.5
50 12168.5
50 12168.5
50 12255.5
50 12255.5
50 12310.5
50 12310.5
50 12363.5
50 12363.5
50 12451.5
50 12451.5
50 12496.5
50 12496.5
50 12529.5
50 12529.5
50 12539.5
50 12539.5
50 12542.5
50 12542.5
50 12634.5
50 12634.5
50 12675.5
50 12675.5
50 12847.5
50 12847.5
50 12879.5
50 12879.5
50 12989.5
50 12989.5
50 12994.5
50 12994.5
50 13276.5
50 13276.5
50 13281.5
50 13281.5
50 13296.5
50 13296.5
50 13353.5
50 13353.5
50 13453.5
50 13453.5
50 13600.5
50 13600.5
50 13602.5
50 13602.5
50 13618.5
50 13618.5
50 13663.5
50 13663.5
50 13965.5
50 13965.5
50 14043.5
50 14043.5
50 14064.5
50 14064.5
50 14076.5
50 14076.5
50 14140.5
50 14140.5
50 14210.5
50 14210.5
50 14266.5
50 14266.5
50 14317.5
50 14317.5
50 14463.5
50 14463.5
50 14496.5
50 14496.5
50 14550.5
50 14550.5
50 14637.5
50 14637.5
50 14663.5
50 14663.5
50 14701.5
50 14701.5
50 14801.5
50 14801.5
50 14841.5
50 14841.5
50 15059.5
50 15059.5
50 15066.5
50 15066.5
50 15067.5
50 15067.5
50 15209.5
50 15209.5
50 15264.5
50 15264.5
50 15264.5
50 15268.5
50 15268.5
50 15575.5
50 15575.5
50 15645.5
50 15645.5
50 15717.5
50 15717.5
50 15823.5
50 15823.5
50 15941.5
50 15941.5
50 15962.5
50 15962.5
50 15965.5
50 15965.5
50 16154.5
50 16154.5
50 16174.5
50 16174.5
50 16243.5
50 16243.5
50 16352.5
50 16352.5
50 16518.5
50 16518.5
50 16598.5
50 16598.5
50 16614.5
50 16614.5
50 16699.5
50 16699.5
50 16703.5
50 16703.5
50 16814.5
50 16814.5
50 17618.5
50 17618.5
50 17667.5
50 17667.5
50 18096.5
50 18096.5
50 18718.5
50 18718.5
50 18873.5
50 18873.5
50 18969.5
50 18969.5
50 19084.5
50 19084.5
50 19132.5
50 19132.5
50 19171.5
50 19171.5
50 19180.5
50 19180.5
50 19311.5
50 19311.5
50 19317.5
50 19317.5
50 19421.5
50 19421.5
50 19425.5
50 19425.5
50 19452.5
50 19452.5
50 19594.5
50 19594.5
50 19643.5
50 19643.5
50 19677.5
50 19677.5
50 19925.5
50 19925.5
50 19992.5
50 19992.5
50 20128.5
50 20128.5
50 20167.5
50 20167.5
50 20215.5
50 20215.5
50 20367.5
50 20367.5
50 20507.5
50 20507.5
50 21675.5
50 21675.5
50 22256.5
50 22256.5
50 22978.5
50 22978.5
50 23083.5
50 23083.5
50 23155.5
50 23155.5
50 23257.5
50 23257.5
50 23802.5
50 23802.5
50 23881.5
50 23881.5
50 23891.5
50 23891.5
55 0.5
55 0.5
55 0.5
55 0.5
55 0.5
55 0.5
55 0.5
55 0.5
55 0.5
55 0.5
55 0.5
55 0.5
55 0.5
55 0.5
55 0.5
55 0.5
55 0.5
55 0.5
55 0.5
55 0.5
55 0.5
55 0.5
55 0.5
55 0.5
55 0.5
55 0.5
55 0.5
55 0.5
55 0.5
55 0.5
55 0.5
55 0.5
55 0.5
55 0.5
55 0.5
55 0.5
55 0.5
55 0.5
55 0.5
55 0.5
55 0.5
55 0.5
55 0.5
55 0.5
55 0.5
55 0.5
55 0.5
55 0.5
55 0.5
55 0.5
55 0.5
55 0.5
55 0.5
55 0.5
55 0.5
55 0.5
55 0.5
55 0.5
55 0.5
55 0.5
55 0.5
55 0.5
55 0.5
55 0.5
55 0.5
55 0.5
55 0.5
55 0.5
55 0.5
55 0.5
55 0.5
55 0.5
55 0.5
55 0.5
55 0.5
55 0.5
55 0.5
55 0.5
55 0.5
55 0.5
55 0.5
55 0.5
55 0.5
55 0.5
55 0.5
55 0.5
55 0.5
55 0.5
55 0.5
55 0.5
55 0.5
55 0.5
55 0.5
55 0.5
55 0.5
55 0.5
55 0.5
55 0.5
55 0.5
55 0.5
55 0.5
55 0.5
55 0.5
55 0.5
55 0.5
55 0.5
55 0.5
55 0.5
55 0.5
55 0.5
55 0.5
55 0.5
55 0.5
55 0.5
55 0.5
55 0.5
55 0.5
55 0.5
55 0.5
55 0.5
55 0.5
55 0.5
55 0.5
55 0.5
55 0.5
55 0.5
55 0.5
55 0.5
55 0.5
55 0.5
55 0.5
55 0.5
55 0.5
55 0.5
55 0.5
55 0.5
55 0.5
55 0.5
55 0.5
55 0.5
55 0.5
55 0.5
55 0.5
55 0.5
55 0.5
55 0.5
55 0.5
55 0.5
55 0.5
55 0.5
55 0.5
55 0.5
55 0.5
55 0.5
55 0.5
55 0.5
55 0.5
55 0.5
55 0.5
55 0.5
55 0.5
55 0.5
55 0.5
55 0.5
55 0.5
55 0.5
55 0.5
55 0.5
55 0.5
55 0.5
55 0.5
55 0.5
55 0.5
55 0.5
55 0.5
55 0.5
55 0.5
55 0.5
55 0.5
55 0.5
55 0.5
55 0.5
55 0.5
55 0.5
55 0.5
55 0.5
55 0.5
55 0.5
55 0.5
55 0.5
55 0.5
55 0.5
55 0.5
55 0.5
55 0.5
55 0.5
55 0.5
55 0.5
55 0.5
55 0.5
55 0.5
55 0.5
55 0.5
55 0.5
55 0.5
55 0.5
55 0.5
55 0.5
55 0.5
55 0.5
55 0.5
55 0.5
55 0.5
55 0.5
55 0.5
55 0.5
55 0.5
55 0.5
55 0.5
55 0.5
55 0.5
55 0.5
55 0.5
55 0.5
55 29.5
55 29.5
55 53.5
55 53.5
55 89.5
55 89.5
55 325.5
55 325.5
55 484.5
55 484.5
55 520.5
55 520.5
55 627.5
55 627.5
55 641.5
55 641.5
55 733.5
55 733.5
55 815.5
55 815.5
55 838.5
55 838.5
55 1150.5
55 1150.5
55 1248.5
55 1248.5
55 1288.5
55 1288.5
55 1414.5
55 1414.5
55 1423.5
55 1423.5
55 1611.5
55 1611.5
55 1635.5
55 1635.5
55 1684.5
55 1684.5
55 1783.5
55 1783.5
55 1812.5
55 1812.5
55 1891.5
55 1891.5
55 1927.5
55 1927.5
55 2027.5
55 2027.5
55 2192.5
55 2192.5
55 2235.5
55 2235.5
55 2470.5
55 2470.5
55 2629.5
55 2629.5
55 2771.5
55 2771.5
55 2784.5
55 2784.5
55 2805.5
55 2805.5
55 3018.5
55 3018.5
55 3029.5
55 3029.5
55 3032.5
55 3032.5
55 3074.5
55 3074.5
55 3113.5
55 3113.5
55 3127.5
55 3127.5
55 3209.5
55 3209.5
55 3251.5
55 3251.5
55 3332.5
55 3332.5
55 3369.5
55 3369.5
55 3496.5
55 3496.5
55 3500.5
55 3500.5
55 3588.5
55 3588.5
55 3691.5
55 3691.5
55 3704.5
55 3704.5
55 3743.5
55 3743.5
55 3763.5
55 3763.5
55 3801.5
55 3801.5
55 3903.5
55 3903.5
55 3936.5
55 3936.5
55 3960.5
55 3960.5
55 4038.5
55 4038.5
55 4134.5
55 4134.5
55 4170.5
55 4170.5
55 4181.5
55 4181.5
55 4422.5
55 4422.5
55 4452.5
55 4452.5
55 4621.5
55 4621.5
55 4766.5
55 4766.5
55 4769.5
55 4769.5
55 4814.5
55 4814.5
55 4934.5
55 4934.5
55 5017.5
55 5017.5
55 5030.5
55 5030.5
55 5104.5
55 5104.5
55 5294.5
55 5294.5
55 5318.5
55 5318.5
55 5447.5
55 5447.5
55 5514.5
55 5514.5
55 5530.5
55 5530.5
55 5616.5
55 5616.5
55 5670.5
55 5670.5
55 5879.5
55 5879.5
55 5904.5
55 5904.5
55 6067.5
55 6067.5
55 6099.5
55 6099.5
55 6136.5
55 6136.5
55 6188.5
55 6188.5
55 6209.5
55 6209.5
55 6296.5
55 6296.5
55 6462.5
55 6462.5
55 6602.5
55 6602.5
55 6792.5
55 6792.5
55 6819.5
55 6819.5
55 6839.5
55 6839.5
55 6876.5
55 6876.5
55 6948.5
55 6948.5
55 6990.5
55 6990.5
55 7078.5
55 7078.5
55 7110.5
55 7110.5
55 7114.5
55 7114.5
55 7114.5
55 7251.5
55 7251.5
55 7262.5
55 7262.5
55 7272.5
55 7272.5
55 7288.5
55 7288.5
55 7350.5
55 7350.5
55 7439.5
55 7439.5
55 7460.5
55 7460.5
55 7506.5
55 7506.5
55 7570.5
55 7570.5
55 7770.5
55 7770.5
55 7861.5
55 7861.5
55 7918.5
55 7918.5
55 7965.5
55 7965.5
55 7991.5
55 7991.5
55 8092.5
55 8092.5
55 8101.5
55 8101.5
55 8194.5
55 8194.5
55 8270.5
55 8270.5
55 8313.5
55 8313.5
55 8374.5
55 8374.5
55 8513.5
55 8513.5
55 8539.5
55 8539.5
55 8704.5
55 8704.5
55 8742.5
55 8742.5
55 8769.5
55 8769.5
55 8775.5
55 8775.5
55 8984.5
55 8984.5
55 8993.5
55 8993.5
55 9044.5
55 9044.5
55 9078.5
55 9078.5
55 9133.5
55 9133.5
55 9167.5
55 9167.5
55 9181.5
55 9181.5
55 9196.5
55 9196.5
55 9281.5
55 9281.5
55 9308.5
55 9308.5
55 9320.5
55 9320.5
55 9378.5
55 9378.5
55 9385.5
55 9385.5
55 9514.5
55 9514.5
55 9666.5
55 9666.5
55 9680.5
55 9680.5
55 9705.5
55 9705.5
55 9779.5
55 9779.5
55 9783.5
55 9783.5
55 10048.5
55 10048.5
55 10056.5
55 10056.5
55 10162.5
55 10162.5
55 10312.5
55 10312.5
55 10363.5
55 10363.5
55 10374.5
55 10374.5
55 10474.5
55 10474.5
55 10596.5
55 10596.5
55 10608.5
55 10608.5
55 10687.5
55 10687.5
55 10709.5
55 10709.5
55 10715.5
55 10715.5
55 10790.5
55 10790.5
55 10828.5
55 10828.5
55 10880.5
55 10880.5
55 11049.5
55 11049.5
55 11108.5
55 11108.5
55 11196.5
55 11196.5
55 11228.5
55 11228.5
55 11239.5
55 11239.5
55 11347.5
55 11347.5
55 11492.5
55 11492.5
55 11526.5
55 11526.5
55 11578.5
55 11578.5
55 11722.5
55 11722.5
55 11746.5
55 11746.5
55 11774.5
55 11774.5
55 12005.5
55 12005.5
55 12006.5
55 12006.5
55 12035.5
55 12035.5
55 12060.5
55 12060.5
55 12110.5
55 12110.5
55 12162.5
55 12162.5
55 12172.5
55 12172.5
55 12250.5
55 12250.5
55 12313.5
55 12313.5
55 12367.5
55 12367.5
55 12441.5
55 12441.5
55 12445.5
55 12445.5
55 12500.5
55 12500.5
55 12520.5
55 12520.5
55 12575.5
55 12575.5
55 12661.5
55 12661.5
55 12669.5
55 12669.5
55 12930.5
55 12930.5
55 13099.5
55 13099.5
55 13122.5
55 13122.5
55 13208.5
55 13208.5
55 13250.5
55 13250.5
55 13398.5
55 13398.5
55 13508.5
55 13508.5
55 13529.5
55 13529.5
55 13544.5
55 13544.5
55 13639.5
55 13639.5
55 13773.5
55 13773.5
55 13846.5
55 13846.5
55 13848.5
55 13848.5
55 13856.5
55 13856.5
55 13859.5
55 13859.5
55 14033.5
55 14033.5
55 14130.5
55 14130.5
55 14155.5
55 14155.5
55 14178.5
55 14178.5
55 14237.5
55 14237.5
55 14242.5
55 14242.5
55 14311.5
55 14311.5
55 14343.5
55 14343.5
55 14375.5
55 14375.5
55 14425.5
55 14425.5
55 14426.5
55 14426.5
55 14541.5
55 14541.5
55 14569.5
55 14569.5
55 14620.5
55 14620.5
55 14666.5
55 14666.5
55 14677.5
55 14677.5
55 14679.5
55 14679.5
55 14776.5
55 14776.5
55 14926.5
55 14926.5
55 15073.5
55 15073.5
55 15150.5
55 15150.5
55 15198.5
55 15198.5
55 15363.5
55 15363.5
55 15404.5
55 15404.5
55 15544.5
55 15544.5
55 15891.5
55 15891.5
55 16045.5
55 16045.5
55 16112.5
55 16112.5
55 16263.5
55 16263.5
55 16298.5
55 16298.5
55 16400.5
55 16400.5
55 16579.5
55 16579.5
55 16607.5
55 16607.5
55 16644.5
55 16644.5
55 16769.5
55 16769.5
55 17077.5
55 17077.5
55 17455.5
55 17455.5
55 17721.5
55 17721.5
55 17957.5
55 17957.5
55 18027.5
55 18027.5
55 18232.5
55 18232.5
55 18565.5
55 18565.5
55 18588.5
55 18588.5
55 18835.5
55 18835.5
55 18841.5
55 18841.5
55 18841.5
55 18874.5
55 18874.5
55 18943.5
55 18943.5
55 18944.5
55 18944.5
55 18972.5
55 18972.5
55 18974.5
55 18974.5
55 19002.5
55 19002.5
55 19134.5
55 19134.5
55 19293.5
55 19293.5
55 19339.5
55 19339.5
55 19542.5
55 19542.5
55 19573.5
55 19573.5
55 19692.5
55 19692.5
55 19769.5
55 19769.5
55 19964.5
55 19964.5
55 20040.5
55 20040.5
55 20434.5
55 20434.5
55 20560.5
55 20560.5
55 20581.5
55 20581.5
55 20918.5
55 20918.5
55 21034.5
55 21034.5
55 21209.5
55 21209.5
55 21536.5
55 21536.5
55 21686.5
55 21686.5
55 21957.5
55 21957.5
55 22143.5
55 22143.5
55 22660.5
55 22660.5
55 23085.5
55 23085.5
55 24720.5
55 24720.5
55 24732.5
55 24732.5
55 24802.5
55 24802.5
60 0.5
60 0.5
60 0.5
60 0.5
60 0.5
60 0.5
60 0.5
60 0.5
60 0.5
60 0.5
60 0.5
60 0.5
60 0.5
60 0.5
60 0.5
60 0.5
60 0.5
60 0.5
60 0.5
60 0.5
60 0.5
60 0.5
60 0.5
60 0.5
60 0.5
60 0.5
60 0.5
60 0.5
60 0.5
60 0.5
60 0.5
60 0.5
60 0.5
60 0.5
60 0.5
60 0.5
60 0.5
60 0.5
60 0.5
60 0.5
60 0.5
60 0.5
60 0.5
60 0.5
60 0.5
60 0.5
60 0.5
60 0.5
60 0.5
60 0.5
60 0.5
60 0.5
60 0.5
60 0.5
60 0.5
60 0.5
60 0.5
60 0.5
60 0.5
60 0.5
60 0.5
60 0.5
60 0.5
60 0.5
60 0.5
60 0.5
60 0.5
60 0.5
60 0.5
60 0.5
60 0.5
60 0.5
60 0.5
60 0.5
60 0.5
60 0.5
60 0.5
60 0.5
60 0.5
60 0.5
60 0.5
60 0.5
60 0.5
60 0.5
60 0.5
60 0.5
60 0.5
60 0.5
60 0.5
60 0.5
60 0.5
60 0.5
60 0.5
60 0.5
60 0.5
60 0.5
60 0.5
60 0.5
60 0.5
60 0.5
60 0.5
60 0.5
60 0.5
60 0.5
60 0.5
60 0.5
60 0.5
60 0.5
60 0.5
60 0.5
60 0.5
60 0.5
60 0.5
60 0.5
60 0.5
60 0.5
60 0.5
60 0.5
60 0.5
60 0.5
60 0.5
60 0.5
60 0.5
60 0.5
60 0.5
60 0.5
60 0.5
60 0.5
60 0.5
60 0.5
60 0.5
60 0.5
60 0.5
60 0.5
60 0.5
60 0.5
60 0.5
60 0.5
60 0.5
60 0.5
60 0.5
60 0.5
60 0.5
60 0.5
60 0.5
60 0.5
60 0.5
60 0.5
60 0.5
60 0.5
60 0.5
60 0.5
60 0.5
60 0.5
60 0.5
60 0.5
60 0.5
60 0.5
60 0.5
60 0.5
60 0.5
60 0.5
60 0.5
60 0.5
60 0.5
60 0.5
60 0.5
60 0.5
60 0.5
60 0.5
60 0.5
60 0.5
60 0.5
60 0.5
60 0.5
60 0.5
60 0.5
60 0.5
60 0.5
60 0.5
60 0.5
60 0.5
60 0.5
60 0.5
60 0.5
60 0.5
60 0.5
60 0.5
60 0.5
60 0.5
60 0.5
60 0.5
60 0.5
60 0.5
60 0.5
60 0.5
60 0.5
60 0.5
60 0.5
60 0.5
60 0.5
60 0.5
60 0.5
60 0.5
60 0.5
60 0.5
60 0.5
60 0.5
60 0.5
60 0.5
60 0.5
60 0.5
60 0.5
60 0.5
60 0.5
60 0.5
60 0.5
60 0.5
60 0.5
60 0.5
60 0.5
60 0.5
60 0.5
60 0.5
60 0.5
60 0.5
60 0.5
60 97.5
60 97.5
60 106.5
60 106.5
60 166.5
60 166.5
60 174.5
60 174.5
60 228.5
60 228.5
60 370.5
60 370.5
60 424.5
60 424.5
60 628.5
60 628.5
60 657.5
60 657.5
60 745.5
60 745.5
60 783.5
60 783.5
60 816.5
60 816.5
60 885.5
60 885.5
60 901.5
60 901.5
60 1409.5
60 1409.5
60 1434.5
60 1434.5
60 1438.5
60 1438.5
60 1478.5
60 1478.5
60 1489.5
60 1489.5
60 1756.5
60 1756.5
60 1777.5
60 1777.5
60 1992.5
60 1992.5
60 2018.5
60 2018.5
60 2121.5
60 2121.5
60 2128.5
60 2128.5
60 2167.5
60 2167.5
60 2275.5
60 2275.5
60 2318.5
60 2318.5
60 2318.5
60 2360.5
60 2360.5
60 2409.5
60 2409.5
60 2421.5
60 2421.5
60 2493.5
60 2493.5
60 2576.5
60 2576.5
60 2668.5
60 2668.5
60 2983.5
60 2983.5
60 3018.5
60 3018.5
60 3319.5
60 3319.5
60 3333.5
60 3333.5
60 3348.5
60 3348.5
60 3361.5
60 3361.5
60 3433.5
60 3433.5
60 3434.5
60 3434.5
60 3436.5
60 3436.5
60 3521.5
60 3521.5
60 3617.5
60 3617.5
60 3789.5
60 3789.5
60 3878.5
60 3878.5
60 3888.5
60 3888.5
60 3994.5
60 3994.5
60 4127.5
60 4127.5
60 4154.5
60 4154.5
60 4163.5
60 4163.5
60 4230.5
60 4230.5
60 4301.5
60 4301.5
60 4400.5
60 4400.5
60 4510.5
60 4510.5
60 4515.5
60 4515.5
60 4553.5
60 4553.5
60 4706.5
60 4706.5
60 4769.5
60 4769.5
60 4809.5
60 4809.5
60 5069.5
60 5069.5
60 5113.5
60 5113.5
60 5166.5
60 5166.5
60 5171.5
60 5171.5
60 5205.5
60 5205.5
60 5352.5
60 5352.5
60 5411.5
60 5411.5
60 5694.5
60 5694.5
60 5739.5
60 5739.5
60 5809.5
60 5809.5
60 5897.5
60 5897.5
60 5962.5
60 5962.5
60 5963.5
60 5963.5
60 5981.5
60 5981.5
60 6009.5
60 6009.5
60 6106.5
60 6106.5
60 6109.5
60 6109.5
60 6123.5
60 6123.5
60 6403.5
60 6403.5
60 6469.5
60 6469.5
60 6526.5
60 6526.5
60 6564.5
60 6564.5
60 6641.5
60 6641.5
60 6651.5
60 6651.5
60 6659.5
60 6659.5
60 7048.5
60 7048.5
60 7080.5
60 7080.5
60 7181.5
60 7181.5
60 7246.5
60 7246.5
60 7253.5
60 7253.5
60 7291.5
60 7291.5
60 7415.5
60 7415.5
60 7490.5
60 7490.5
60 7523.5
60 7523.5
60 7572.5
60 7572.5
60 7613.5
60 7613.5
60 7624.5
60 7624.5
60 7896.5
60 7896.5
60 7939.5
60 7939.5
60 8020.5
60 8020.5
60 8030.5
60 8030.5
60 8118.5
60 8118.5
60 8188.5
60 8188.5
60 8300.5
60 8300.5
60 8500.5
60 8500.5
60 8624.5
60 8624.5
60 8737.5
60 8737.5
60 8797.5
60 8797.5
60 8830.5
60 8830.5
60 8854.5
60 8854.5
60 9039.5
60 9039.5
60 9322.5
60 9322.5
60 9327.5
60 9327.5
60 9361.5
60 9361.5
60 9389.5
60 9389.5
60 9430.5
60 9430.5
60 9443.5
60 9443.5
60 9472.5
60 9472.5
60 9476.5
60 9476.5
60 9500.5
60 9500.5
60 9521.5
60 9521.5
60 9585.5
60 9585.5
60 9675.5
60 9675.5
60 9821.5
60 9821.5
60 9881.5
60 9881.5
60 9956.5
60 9956.5
60 9964.5
60 9964.5
60 10030.5
60 10030.5
60 10055.5
60 10055.5
60 10093.5
60 10093.5
60 10097.5
60 10097.5
60 10137.5
60 10137.5
60 10200.5
60 10200.5
60 10268.5
60 10268.5
60 10301.5
60 10301.5
60 10438.5
60 10438.5
60 10586.5
60 10586.5
60 10596.5
60 10596.5
60 10780.5
60 10780.5
60 10785.5
60 10785.5
60 10801.5
60 10801.5
60 10862.5
60 10862.5
60 10913.5
60 10913.5
60 10930.5
60 10930.5
60 10941.5
60 10941.5
60 11017.5
60 11017.5
60 11034.5
60 11034.5
60 11077.5
60 11077.5
60 11100.5
60 11100.5
60 11132.5
60 11132.5
60 11150.5
60 11150.5
60 11244.5
60 11244.5
60 11368.5
60 11368.5
60 11460.5
60 11460.5
60 11482.5
60 11482.5
60 11507.5
60 11507.5
60 11622.5
60 11622.5
60 11632.5
60 11632.5
60 11639.5
60 11639.5
60 11670.5
60 11670.5
60 11725.5
60 11725.5
60 11784.5
60 11784.5
60 11824.5
60 11824.5
60 11873.5
60 11873.5
60 11904.5
60 11904.5
60 12065.5
60 12065.5
60 12086.5
60 12086.5
60 12264.5
60 12264.5
60 12327.5
60 12327.5
60 12362.5
60 12362.5
60 12417.5
60 12417.5
60 12426.5
60 12426.5
60 12463.5
60 12463.5
60 12506.5
60 12506.5
60 12507.5
60 12507.5
60 12755.5
60 12755.5
60 12767.5
60 12767.5
60 12772.5
60 12772.5
60 12793.5
60 12793.5
60 12938.5
60 12938.5
60 13040.5
60 13040.5
60 13087.5
60 13087.5
60 13203.5
60 13203.5
60 13255.5
60 13255.5
60 13304.5
60 13304.5
60 13328.5
60 13328.5
60 13536.5
60 13536.5
60 13614.5
60 13614.5
60 13632.5
60 13632.5
60 13778.5
60 13778.5
60 13840.5
60 13840.5
60 13910.5
60 13910.5
60 13925.5
60 13925.5
60 13937.5
60 13937.5
60 14055.5
60 14055.5
60 14074.5
60 14074.5
60 14175.5
60 14175.5
60 14207.5
60 14207.5
60 14321.5
60 14321.5
60 14384.5
60 14384.5
60 14562.5
60 14562.5
60 14627.5
60 14627.5
60 14890.5
60 14890.5
60 15052.5
60 15052.5
60 15127.5
60 15127.5
60 15472.5
60 15472.5
60 15637.5
60 15637.5
60 15686.5
60 15686.5
60 15706.5
60 15706.5
60 15775.5
60 15775.5
60 15830.5
60 15830.5
60 16012.5
60 16012.5
60 16057.5
60 16057.5
60 16252.5
60 16252.5
60 16272.5
60 16272.5
60 16482.5
60 16482.5
60 16494.5
60 16494.5
60 16550.5
60 16550.5
60 17421.5
60 17421.5
60 17647.5
60 17647.5
60 18041.5
60 18041.5
60 18281.5
60 18281.5
60 18579.5
60 18579.5
60 18765.5
60 18765.5
60 18819.5
60 18819.5
60 18831.5
60 18831.5
60 18841.5
60 18841.5
60 19007.5
60 19007.5
60 19036.5
60 19036.5
60 19058.5
60 19058.5
60 19076.5
60 19076.5
60 19116.5
60 19116.5
60 19125.5
60 19125.5
60 19219.5
60 19219.5
60 19243.5
60 19243.5
60 19311.5
60 19311.5
60 19463.5
60 19463.5
60 19472.5
60 19472.5
60 19482.5
60 19482.5
60 19605.5
60 19605.5
60 19746.5
60 19746.5
60 19863.5
60 19863.5
60 20005.5
60 20005.5
60 20017.5
60 20017.5
60 20226.5
60 20226.5
60 20263.5
60 20263.5
60 20267.5
60 20267.5
60 20742.5
60 20742.5
60 21173.5
60 21173.5
60 21428.5
60 21428.5
60 21440.5
60 21440.5
60 22088.5
60 22088.5
60 22155.5
60 22155.5
60 22228.5
60 22228.5
60 22414.5
60 22414.5
60 22777.5
60 22777.5
60 23365.5
60 23365.5
60 23440.5
60 23440.5
60 23453.5
60 23453.5
60 23657.5
60 23657.5
60 23966.5
60 23966.5
60 23980.5
60 23980.5
60 24339.5
60 24339.5
60 24355.5
60 24355.5
60 24747.5
60 24747.5
