10 1.5
10 1.5
10 1.5
10 1.5
10 1.5
10 1.5
10 1.5
10 1.5
10 1.5
10 1.5
10 1.5
10 1.5
10 1.5
10 1.5
10 1.5
10 1.5
10 2.5
10 2.5
10 2.5
10 2.5
10 2.5
10 2.5
10 2.5
10 2.5
10 2.5
10 2.5
10 2.5
10 2.5
10 2.5
10 2.5
10 2.5
10 3.5
10 3.5
10 3.5
10 3.5
10 3.5
10 3.5
10 3.5
10 3.5
10 3.5
10 3.5
10 3.5
10 3.5
10 3.5
10 3.5
10 4.5
10 4.5
10 4.5
10 4.5
10 4.5
10 4.5
10 4.5
10 4.5
10 4.5
10 5.5
10 5.5
10 5.5
10 5.5
10 5.5
10 5.5
10 5.5
10 5.5
10 5.5
10 6.5
10 6.5
10 6.5
10 6.5
10 6.5
10 6.5
10 6.5
10 6.5
10 6.5
10 6.5
10 7.5
10 7.5
10 7.5
10 7.5
10 7.5
10 7.5
10 7.5
10 7.5
10 7.5
10 7.5
10 7.5
10 8.5
10 8.5
10 8.5
10 8.5
10 8.5
10 8.5
10 8.5
10 8.5
10 8.5
10 8.5
10 8.5
10 8.5
10 8.5
10 8.5
10 8.5
10 9.5
10 9.5
10 9.5
10 9.5
10 9.5
10 10.5
10 10.5
10 10.5
10 10.5
10 10.5
10 10.5
10 10.5
10 10.5
10 11.5
10 11.5
10 11.5
10 11.5
10 11.5
10 11.5
10 11.5
10 12.5
10 12.5
10 12.5
10 12.5
10 13.5
10 13.5
10 13.5
10 13.5
10 13.5
10 14.5
10 14.5
10 14.5
10 14.5
10 15.5
10 15.5
10 15.5
10 15.5
10 15.5
10 15.5
10 16.5
10 16.5
10 16.5
10 16.5
10 17.5
10 17.5
10 17.5
10 17.5
10 18.5
10 18.5
10 18.5
10 18.5
10 18.5
10 18.5
10 18.5
10 18.5
10 19.5
10 19.5
10 19.5
10 19.5
10 20.5
10 20.5
10 20.5
10 21.5
10 21.5
10 22.5
10 22.5
10 22.5
10 22.5
10 22.5
10 23.5
10 23.5
10 23.5
10 23.5
10 23.5
10 24.5
10 24.5
10 24.5
10 26.5
10 26.5
10 26.5
10 26.5
10 28.5
10 28.5
10 29.5
10 29.5
10 29.5
10 30.5
10 30.5
10 30.5
10 31.5
10 31.5
10 31.5
10 31.5
10 31.5
10 33.5
10 33.5
10 34.5
10 34.5
10 35.5
10 35.5
10 37.5
10 37.5
10 39.5
10 39.5
10 44.5
10 44.5
10 44.5
10 44.5
10 47.5
10 47.5
10 47.5
10 47.5
10 47.5
10 48.5
10 48.5
10 48.5
10 49.5
10 49.5
10 51.5
10 51.5
10 52.5
10 52.5
10 53.5
10 53.5
10 57.5
10 57.5
10 58.5
10 58.5
10 59.5
10 59.5
10 64.5
10 64.5
10 68.5
10 68.5
10 71.5
10 71.5
10 73.5
10 73.5
10 80.5
10 80.5
10 81.5
10 81.5
10 82.5
10 82.5
10 86.5
10 86.5
10 91.5
10 91.5
10 91.5
10 94.5
10 94.5
10 98.5
10 98.5
10 99.5
10 99.5
10 106.5
10 106.5
10 106.5
10 109.5
10 109.5
10 119.5
10 119.5
10 122.5
10 122.5
10 142.5
10 142.5
10 170.5
10 170.5
10 173.5
10 173.5
10 177.5
10 177.5
10 274.5
10 274.5
10 287.5
10 287.5
10 298.5
10 298.5
10 307.5
10 307.5
10 321.5
10 321.5
10 409.5
10 409.5
10 523.5
10 523.5
10 545.5
10 545.5
10 594.5
10 594.5
10 671.5
10 671.5
10 923.5
10 923.5
10 1110.5
10 1110.5
10 1309.5
10 1309.5
10 1346.5
10 1346.5
10 1462.5
10 1462.5
10 1534.5
10 1534.5
10 1757.5
10 1757.5
15 1.5
15 1.5
15 1.5
15 1.5
15 1.5
15 1.5
15 1.5
15 1.5
15 1.5
15 1.5
15 1.5
15 1.5
15 1.5
15 1.5
15 1.5
15 1.5
15 1.5
15 2.5
15 2.5
15 2.5
15 2.5
15 2.5
15 2.5
15 2.5
15 2.5
15 2.5
15 3.5
15 3.5
15 3.5
15 3.5
15 3.5
15 4.5
15 4.5
15 4.5
15 4.5
15 4.5
15 4.5
15 5.5
15 5.5
15 5.5
15 5.5
15 5.5
15 5.5
15 5.5
15 5.5
15 5.5
15 5.5
15 5.5
15 5.5
15 6.5
15 6.5
15 6.5
15 6.5
15 6.5
15 7.5
15 7.5
15 7.5
15 7.5
15 8.5
15 8.5
15 8.5
15 8.5
15 8.5
15 8.5
15 8.5
15 9.5
15 9.5
15 9.5
15 9.5
15 9.5
15 10.5
15 10.5
15 10.5
15 10.5
15 10.5
15 10.5
15 11.5
15 11.5
15 11.5
15 11.5
15 12.5
15 12.5
15 12.5
15 12.5
15 12.5
15 13.5
15 13.5
15 13.5
15 13.5
15 14.5
15 14.5
15 14.5
15 14.5
15 15.5
15 15.5
15 15.5
15 15.5
15 15.5
15 16.5
15 16.5
15 16.5
15 16.5
15 16.5
15 17.5
15 17.5
15 17.5
15 17.5
15 17.5
15 18.5
15 18.5
15 18.5
15 19.5
15 19.5
15 19.5
15 20.5
15 20.5
15 20.5
15 20.5
15 20.5
15 21.5
15 21.5
15 22.5
15 22.5
15 22.5
15 22.5
15 22.5
15 22.5
15 22.5
15 23.5
15 23.5
15 23.5
15 23.5
15 23.5
15 23.5
15 23.5
15 24.5
15 24.5
15 24.5
15 24.5
15 24.5
15 24.5
15 25.5
15 25.5
15 25.5
15 25.5
15 26.5
15 26.5
15 27.5
15 27.5
15 27.5
15 28.5
15 28.5
15 28.5
15 28.5
15 28.5
15 28.5
15 29.5
15 29.5
15 29.5
15 29.5
15 30.5
15 30.5
15 30.5
15 30.5
15 31.5
15 31.5
15 31.5
15 32.5
15 32.5
15 32.5
15 32.5
15 32.5
15 32.5
15 33.5
15 33.5
15 33.5
15 34.5
15 34.5
15 34.5
15 34.5
15 34.5
15 34.5
15 36.5
15 36.5
15 36.5
15 36.5
15 36.5
15 37.5
15 37.5
15 40.5
15 40.5
15 41.5
15 41.5
15 42.5
15 42.5
15 44.5
15 44.5
15 44.5
15 45.5
15 45.5
15 45.5
15 46.5
15 46.5
15 48.5
15 48.5
15 50.5
15 50.5
15 51.5
15 51.5
15 51.5
15 53.5
15 53.5
15 55.5
15 55.5
15 55.5
15 56.5
15 56.5
15 60.5
15 60.5
15 62.5
15 62.5
15 62.5
15 64.5
15 64.5
15 65.5
15 65.5
15 67.5
15 67.5
15 68.5
15 68.5
15 70.5
15 70.5
15 71.5
15 71.5
15 72.5
15 72.5
15 73.5
15 73.5
15 73.5
15 74.5
15 74.5
15 75.5
15 75.5
15 81.5
15 81.5
15 82.5
15 82.5
15 83.5
15 83.5
15 86.5
15 86.5
15 86.5
15 87.5
15 87.5
15 88.5
15 88.5
15 89.5
15 89.5
15 89.5
15 95.5
15 95.5
15 96.5
15 96.5
15 97.5
15 97.5
15 99.5
15 99.5
15 101.5
15 101.5
15 101.5
15 103.5
15 103.5
15 108.5
15 108.5
15 115.5
15 115.5
15 116.5
15 116.5
15 125.5
15 125.5
15 131.5
15 131.5
15 136.5
15 136.5
15 136.5
15 142.5
15 142.5
15 150.5
15 150.5
15 153.5
15 153.5
15 155.5
15 155.5
15 157.5
15 157.5
15 158.5
15 158.5
15 162.5
15 162.5
15 166.5
15 166.5
15 172.5
15 172.5
15 179.5
15 179.5
15 181.5
15 181.5
15 222.5
15 222.5
15 224.5
15 224.5
15 226.5
15 226.5
15 240.5
15 240.5
15 241.5
15 241.5
15 250.5
15 250.5
15 253.5
15 253.5
15 280.5
15 280.5
15 286.5
15 286.5
15 364.5
15 364.5
15 374.5
15 374.5
15 379.5
15 379.5
15 397.5
15 397.5
15 418.5
15 418.5
15 424.5
15 424.5
15 468.5
15 468.5
15 475.5
15 475.5
15 505.5
15 505.5
15 601.5
15 601.5
15 626.5
15 626.5
15 697.5
15 697.5
15 811.5
15 811.5
15 946.5
15 946.5
15 1095.5
15 1095.5
15 1107.5
15 1107.5
15 1114.5
15 1114.5
15 1197.5
15 1197.5
15 1274.5
15 1274.5
15 1301.5
15 1301.5
15 1393.5
15 1393.5
15 1843.5
15 1843.5
15 1906.5
15 1906.5
20 1.5
20 1.5
20 1.5
20 1.5
20 1.5
20 1.5
20 1.5
20 1.5
20 1.5
20 1.5
20 1.5
20 1.5
20 1.5
20 1.5
20 2.5
20 2.5
20 2.5
20 2.5
20 3.5
20 3.5
20 3.5
20 4.5
20 4.5
20 4.5
20 5.5
20 5.5
20 5.5
20 6.5
20 6.5
20 6.5
20 6.5
20 7.5
20 7.5
20 7.5
20 8.5
20 8.5
20 9.5
20 9.5
20 9.5
20 9.5
20 9.5
20 9.5
20 10.5
20 10.5
20 10.5
20 10.5
20 10.5
20 10.5
20 11.5
20 11.5
20 11.5
20 12.5
20 12.5
20 12.5
20 12.5
20 12.5
20 12.5
20 12.5
20 12.5
20 12.5
20 12.5
20 13.5
20 13.5
20 13.5
20 13.5
20 13.5
20 14.5
20 14.5
20 14.5
20 14.5
20 14.5
20 14.5
20 14.5
20 14.5
20 15.5
20 15.5
20 15.5
20 15.5
20 15.5
20 15.5
20 15.5
20 15.5
20 16.5
20 16.5
20 17.5
20 17.5
20 17.5
20 17.5
20 18.5
20 18.5
20 18.5
20 18.5
20 19.5
20 19.5
20 19.5
20 19.5
20 19.5
20 19.5
20 20.5
20 20.5
20 21.5
20 21.5
20 21.5
20 21.5
20 21.5
20 21.5
20 22.5
20 22.5
20 22.5
20 23.5
20 23.5
20 23.5
20 23.5
20 23.5
20 23.5
20 24.5
20 24.5
20 24.5
20 24.5
20 24.5
20 25.5
20 25.5
20 26.5
20 26.5
20 26.5
20 26.5
20 26.5
20 26.5
20 27.5
20 27.5
20 27.5
20 27.5
20 27.5
20 28.5
20 28.5
20 28.5
20 28.5
20 29.5
20 29.5
20 29.5
20 29.5
20 29.5
20 30.5
20 30.5
20 31.5
20 31.5
20 31.5
20 32.5
20 32.5
20 32.5
20 32.5
20 33.5
20 33.5
20 34.5
20 34.5
20 34.5
20 35.5
20 35.5
20 35.5
20 36.5
20 36.5
20 37.5
20 37.5
20 37.5
20 37.5
20 39.5
20 39.5
20 39.5
20 40.5
20 40.5
20 40.5
20 40.5
20 40.5
20 40.5
20 40.5
20 41.5
20 41.5
20 42.5
20 42.5
20 42.5
20 43.5
20 43.5
20 44.5
20 44.5
20 45.5
20 45.5
20 49.5
20 49.5
20 50.5
20 50.5
20 50.5
20 50.5
20 50.5
20 50.5
20 51.5
20 51.5
20 51.5
20 51.5
20 54.5
20 54.5
20 54.5
20 55.5
20 55.5
20 55.5
20 56.5
20 56.5
20 56.5
20 57.5
20 57.5
20 58.5
20 58.5
20 60.5
20 60.5
20 60.5
20 64.5
20 64.5
20 67.5
20 67.5
20 69.5
20 69.5
20 69.5
20 71.5
20 71.5
20 72.5
20 72.5
20 74.5
20 74.5
20 75.5
20 75.5
20 82.5
20 82.5
20 83.5
20 83.5
20 84.5
20 84.5
20 84.5
20 84.5
20 87.5
20 87.5
20 88.5
20 88.5
20 90.5
20 90.5
20 93.5
20 93.5
20 95.5
20 95.5
20 96.5
20 96.5
20 96.5
20 97.5
20 97.5
20 99.5
20 99.5
20 100.5
20 100.5
20 104.5
20 104.5
20 108.5
20 108.5
20 113.5
20 113.5
20 113.5
20 115.5
20 115.5
20 120.5
20 120.5
20 123.5
20 123.5
20 124.5
20 124.5
20 129.5
20 129.5
20 131.5
20 131.5
20 137.5
20 137.5
20 138.5
20 138.5
20 140.5
20 140.5
20 149.5
20 149.5
20 153.5
20 153.5
20 156.5
20 156.5
20 157.5
20 157.5
20 157.5
20 158.5
20 158.5
20 159.5
20 159.5
20 162.5
20 162.5
20 164.5
20 164.5
20 171.5
20 171.5
20 173.5
20 173.5
20 174.5
20 174.5
20 181.5
20 181.5
20 182.5
20 182.5
20 200.5
20 200.5
20 210.5
20 210.5
20 213.5
20 213.5
20 213.5
20 220.5
20 220.5
20 230.5
20 230.5
20 257.5
20 257.5
20 266.5
20 266.5
20 271.5
20 271.5
20 276.5
20 276.5
20 277.5
20 277.5
20 288.5
20 288.5
20 307.5
20 307.5
20 353.5
20 353.5
20 361.5
20 361.5
20 375.5
20 375.5
20 381.5
20 381.5
20 390.5
20 390.5
20 420.5
20 420.5
20 463.5
20 463.5
20 480.5
20 480.5
20 494.5
20 494.5
20 524.5
20 524.5
20 528.5
20 528.5
20 533.5
20 533.5
20 567.5
20 567.5
20 601.5
20 601.5
20 617.5
20 617.5
20 868.5
20 868.5
20 906.5
20 906.5
20 937.5
20 937.5
20 947.5
20 947.5
20 1061.5
20 1061.5
20 1082.5
20 1082.5
20 1226.5
20 1226.5
20 1364.5
20 1364.5
20 1372.5
20 1372.5
20 1405.5
20 1405.5
20 1516.5
20 1516.5
20 1601.5
20 1601.5
20 1802.5
20 1802.5
25 1.5
25 1.5
25 1.5
25 1.5
25 1.5
25 1.5
25 1.5
25 1.5
25 1.5
25 1.5
25 1.5
25 1.5
25 1.5
25 1.5
25 1.5
25 1.5
25 1.5
25 1.5
25 2.5
25 2.5
25 2.5
25 2.5
25 3.5
25 3.5
25 4.5
25 4.5
25 4.5
25 4.5
25 5.5
25 5.5
25 5.5
25 5.5
25 6.5
25 6.5
25 7.5
25 7.5
25 7.5
25 9.5
25 9.5
25 9.5
25 10.5
25 10.5
25 11.5
25 11.5
25 12.5
25 12.5
25 12.5
25 12.5
25 13.5
25 13.5
25 13.5
25 14.5
25 14.5
25 14.5
25 15.5
25 15.5
25 16.5
25 16.5
25 16.5
25 17.5
25 17.5
25 17.5
25 18.5
25 18.5
25 18.5
25 18.5
25 18.5
25 19.5
25 19.5
25 19.5
25 19.5
25 20.5
25 20.5
25 20.5
25 20.5
25 21.5
25 21.5
25 21.5
25 22.5
25 22.5
25 23.5
25 23.5
25 23.5
25 23.5
25 23.5
25 24.5
25 24.5
25 24.5
25 24.5
25 24.5
25 25.5
25 25.5
25 25.5
25 26.5
25 26.5
25 26.5
25 26.5
25 26.5
25 28.5
25 28.5
25 28.5
25 28.5
25 29.5
25 29.5
25 29.5
25 29.5
25 31.5
25 31.5
25 31.5
25 32.5
25 32.5
25 33.5
25 33.5
25 35.5
25 35.5
25 35.5
25 35.5
25 36.5
25 36.5
25 37.5
25 37.5
25 37.5
25 37.5
25 39.5
25 39.5
25 39.5
25 39.5
25 40.5
25 40.5
25 41.5
25 41.5
25 41.5
25 41.5
25 42.5
25 42.5
25 42.5
25 43.5
25 43.5
25 44.5
25 44.5
25 45.5
25 45.5
25 47.5
25 47.5
25 47.5
25 47.5
25 47.5
25 49.5
25 49.5
25 49.5
25 49.5
25 51.5
25 51.5
25 52.5
25 52.5
25 53.5
25 53.5
25 54.5
25 54.5
25 54.5
25 55.5
25 55.5
25 56.5
25 56.5
25 59.5
25 59.5
25 60.5
25 60.5
25 60.5
25 61.5
25 61.5
25 61.5
25 61.5
25 64.5
25 64.5
25 64.5
25 66.5
25 66.5
25 68.5
25 68.5
25 68.5
25 69.5
25 69.5
25 71.5
25 71.5
25 72.5
25 72.5
25 73.5
25 73.5
25 74.5
25 74.5
25 78.5
25 78.5
25 78.5
25 79.5
25 79.5
25 79.5
25 83.5
25 83.5
25 86.5
25 86.5
25 87.5
25 87.5
25 88.5
25 88.5
25 88.5
25 90.5
25 90.5
25 91.5
25 91.5
25 94.5
25 94.5
25 101.5
25 101.5
25 102.5
25 102.5
25 107.5
25 107.5
25 111.5
25 111.5
25 116.5
25 116.5
25 117.5
25 117.5
25 120.5
25 120.5
25 125.5
25 125.5
25 125.5
25 128.5
25 128.5
25 128.5
25 130.5
25 130.5
25 131.5
25 131.5
25 133.5
25 133.5
25 137.5
25 137.5
25 138.5
25 138.5
25 139.5
25 139.5
25 142.5
25 142.5
25 143.5
25 143.5
25 147.5
25 147.5
25 148.5
25 148.5
25 150.5
25 150.5
25 151.5
25 151.5
25 152.5
25 152.5
25 155.5
25 155.5
25 158.5
25 158.5
25 165.5
25 165.5
25 168.5
25 168.5
25 170.5
25 170.5
25 170.5
25 173.5
25 173.5
25 174.5
25 174.5
25 180.5
25 180.5
25 186.5
25 186.5
25 186.5
25 194.5
25 194.5
25 214.5
25 214.5
25 221.5
25 221.5
25 223.5
25 223.5
25 230.5
25 230.5
25 231.5
25 231.5
25 232.5
25 232.5
25 234.5
25 234.5
25 246.5
25 246.5
25 246.5
25 252.5
25 252.5
25 254.5
25 254.5
25 258.5
25 258.5
25 262.5
25 262.5
25 272.5
25 272.5
25 280.5
25 280.5
25 305.5
25 305.5
25 315.5
25 315.5
25 320.5
25 320.5
25 320.5
25 349.5
25 349.5
25 356.5
25 356.5
25 370.5
25 370.5
25 373.5
25 373.5
25 378.5
25 378.5
25 384.5
25 384.5
25 425.5
25 425.5
25 437.5
25 437.5
25 452.5
25 452.5
25 461.5
25 461.5
25 491.5
25 491.5
25 505.5
25 505.5
25 510.5
25 510.5
25 525.5
25 525.5
25 547.5
25 547.5
25 555.5
25 555.5
25 611.5
25 611.5
25 616.5
25 616.5
25 660.5
25 660.5
25 682.5
25 682.5
25 692.5
25 692.5
25 795.5
25 795.5
25 910.5
25 910.5
25 950.5
25 950.5
25 1166.5
25 1166.5
25 1217.5
25 1217.5
25 1246.5
25 1246.5
25 1424.5
25 1424.5
25 1425.5
25 1425.5
25 1635.5
25 1635.5
25 1638.5
25 1638.5
25 1722.5
25 1722.5
25 1779.5
25 1779.5
25 1883.5
25 1883.5
30 1.5
30 1.5
30 1.5
30 1.5
30 1.5
30 1.5
30 1.5
30 1.5
30 1.5
30 1.5
30 1.5
30 1.5
30 1.5
30 1.5
30 1.5
30 1.5
30 1.5
30 1.5
30 2.5
30 2.5
30 2.5
30 2.5
30 3.5
30 3.5
30 4.5
30 4.5
30 4.5
30 4.5
30 4.5
30 5.5
30 5.5
30 6.5
30 6.5
30 6.5
30 6.5
30 7.5
30 7.5
30 8.5
30 8.5
30 9.5
30 9.5
30 10.5
30 10.5
30 12.5
30 12.5
30 13.5
30 13.5
30 14.5
30 14.5
30 14.5
30 15.5
30 15.5
30 15.5
30 15.5
30 19.5
30 19.5
30 19.5
30 20.5
30 20.5
30 20.5
30 24.5
30 24.5
30 24.5
30 24.5
30 25.5
30 25.5
30 26.5
30 26.5
30 26.5
30 27.5
30 27.5
30 29.5
30 29.5
30 30.5
30 30.5
30 31.5
30 31.5
30 32.5
30 32.5
30 32.5
30 32.5
30 33.5
30 33.5
30 35.5
30 35.5
30 35.5
30 38.5
30 38.5
30 38.5
30 39.5
30 39.5
30 39.5
30 40.5
30 40.5
30 41.5
30 41.5
30 41.5
30 41.5
30 42.5
30 42.5
30 43.5
30 43.5
30 44.5
30 44.5
30 45.5
30 45.5
30 45.5
30 45.5
30 45.5
30 46.5
30 46.5
30 46.5
30 47.5
30 47.5
30 47.5
30 48.5
30 48.5
30 49.5
30 49.5
30 50.5
30 50.5
30 51.5
30 51.5
30 51.5
30 51.5
30 52.5
30 52.5
30 52.5
30 52.5
30 53.5
30 53.5
30 53.5
30 54.5
30 54.5
30 54.5
30 55.5
30 55.5
30 56.5
30 56.5
30 56.5
30 57.5
30 57.5
30 58.5
30 58.5
30 58.5
30 59.5
30 59.5
30 59.5
30 59.5
30 60.5
30 60.5
30 60.5
30 60.5
30 60.5
30 60.5
30 61.5
30 61.5
30 62.5
30 62.5
30 62.5
30 63.5
30 63.5
30 63.5
30 64.5
30 64.5
30 67.5
30 67.5
30 68.5
30 68.5
30 68.5
30 69.5
30 69.5
30 69.5
30 69.5
30 70.5
30 70.5
30 70.5
30 71.5
30 71.5
30 74.5
30 74.5
30 75.5
30 75.5
30 75.5
30 75.5
30 76.5
30 76.5
30 77.5
30 77.5
30 77.5
30 78.5
30 78.5
30 79.5
30 79.5
30 79.5
30 79.5
30 80.5
30 80.5
30 81.5
30 81.5
30 82.5
30 82.5
30 82.5
30 83.5
30 83.5
30 83.5
30 84.5
30 84.5
30 85.5
30 85.5
30 85.5
30 94.5
30 94.5
30 94.5
30 94.5
30 95.5
30 95.5
30 97.5
30 97.5
30 99.5
30 99.5
30 101.5
30 101.5
30 101.5
30 103.5
30 103.5
30 104.5
30 104.5
30 105.5
30 105.5
30 105.5
30 105.5
30 105.5
30 106.5
30 106.5
30 106.5
30 112.5
30 112.5
30 115.5
30 115.5
30 116.5
30 116.5
30 116.5
30 116.5
30 116.5
30 120.5
30 120.5
30 120.5
30 124.5
30 124.5
30 127.5
30 127.5
30 130.5
30 130.5
30 132.5
30 132.5
30 135.5
30 135.5
30 137.5
30 137.5
30 138.5
30 138.5
30 138.5
30 143.5
30 143.5
30 154.5
30 154.5
30 160.5
30 160.5
30 161.5
30 161.5
30 161.5
30 163.5
30 163.5
30 164.5
30 164.5
30 165.5
30 165.5
30 167.5
30 167.5
30 171.5
30 171.5
30 174.5
30 174.5
30 177.5
30 177.5
30 190.5
30 190.5
30 191.5
30 191.5
30 199.5
30 199.5
30 203.5
30 203.5
30 204.5
30 204.5
30 204.5
30 205.5
30 205.5
30 206.5
30 206.5
30 212.5
30 212.5
30 215.5
30 215.5
30 222.5
30 222.5
30 226.5
30 226.5
30 234.5
30 234.5
30 240.5
30 240.5
30 241.5
30 241.5
30 245.5
30 245.5
30 245.5
30 249.5
30 249.5
30 250.5
30 250.5
30 255.5
30 255.5
30 263.5
30 263.5
30 276.5
30 276.5
30 284.5
30 284.5
30 290.5
30 290.5
30 293.5
30 293.5
30 303.5
30 303.5
30 306.5
30 306.5
30 320.5
30 320.5
30 320.5
30 322.5
30 322.5
30 328.5
30 328.5
30 336.5
30 336.5
30 344.5
30 344.5
30 365.5
30 365.5
30 369.5
30 369.5
30 370.5
30 370.5
30 373.5
30 373.5
30 385.5
30 385.5
30 401.5
30 401.5
30 408.5
30 408.5
30 411.5
30 411.5
30 428.5
30 428.5
30 457.5
30 457.5
30 469.5
30 469.5
30 482.5
30 482.5
30 502.5
30 502.5
30 508.5
30 508.5
30 508.5
30 520.5
30 520.5
30 523.5
30 523.5
30 532.5
30 532.5
30 603.5
30 603.5
30 611.5
30 611.5
30 716.5
30 716.5
30 738.5
30 738.5
30 816.5
30 816.5
30 863.5
30 863.5
30 1229.5
30 1229.5
30 1242.5
30 1242.5
30 1252.5
30 1252.5
30 1316.5
30 1316.5
30 1358.5
30 1358.5
30 1438.5
30 1438.5
30 1608.5
30 1608.5
30 1865.5
30 1865.5
30 1930.5
30 1930.5
30 1951.5
30 1951.5
30 1973.5
30 1973.5
35 1.5
35 1.5
35 1.5
35 1.5
35 1.5
35 1.5
35 1.5
35 1.5
35 1.5
35 1.5
35 1.5
35 1.5
35 1.5
35 1.5
35 1.5
35 2.5
35 2.5
35 2.5
35 3.5
35 3.5
35 3.5
35 4.5
35 4.5
35 4.5
35 4.5
35 5.5
35 5.5
35 8.5
35 8.5
35 8.5
35 10.5
35 10.5
35 11.5
35 11.5
35 12.5
35 12.5
35 12.5
35 13.5
35 13.5
35 13.5
35 14.5
35 14.5
35 14.5
35 14.5
35 15.5
35 15.5
35 15.5
35 16.5
35 16.5
35 16.5
35 17.5
35 17.5
35 17.5
35 17.5
35 19.5
35 19.5
35 19.5
35 19.5
35 20.5
35 20.5
35 20.5
35 22.5
35 22.5
35 22.5
35 22.5
35 23.5
35 23.5
35 23.5
35 23.5
35 24.5
35 24.5
35 25.5
35 25.5
35 27.5
35 27.5
35 28.5
35 28.5
35 29.5
35 29.5
35 30.5
35 30.5
35 30.5
35 30.5
35 30.5
35 31.5
35 31.5
35 32.5
35 32.5
35 32.5
35 33.5
35 33.5
35 33.5
35 34.5
35 34.5
35 35.5
35 35.5
35 37.5
35 37.5
35 37.5
35 37.5
35 39.5
35 39.5
35 40.5
35 40.5
35 42.5
35 42.5
35 43.5
35 43.5
35 43.5
35 44.5
35 44.5
35 45.5
35 45.5
35 45.5
35 45.5
35 47.5
35 47.5
35 48.5
35 48.5
35 48.5
35 50.5
35 50.5
35 50.5
35 52.5
35 52.5
35 53.5
35 53.5
35 53.5
35 54.5
35 54.5
35 54.5
35 54.5
35 54.5
35 55.5
35 55.5
35 57.5
35 57.5
35 58.5
35 58.5
35 59.5
35 59.5
35 59.5
35 60.5
35 60.5
35 61.5
35 61.5
35 62.5
35 62.5
35 64.5
35 64.5
35 64.5
35 65.5
35 65.5
35 66.5
35 66.5
35 66.5
35 67.5
35 67.5
35 70.5
35 70.5
35 71.5
35 71.5
35 71.5
35 72.5
35 72.5
35 73.5
35 73.5
35 74.5
35 74.5
35 76.5
35 76.5
35 76.5
35 76.5
35 77.5
35 77.5
35 82.5
35 82.5
35 82.5
35 88.5
35 88.5
35 88.5
35 93.5
35 93.5
35 93.5
35 94.5
35 94.5
35 99.5
35 99.5
35 100.5
35 100.5
35 102.5
35 102.5
35 102.5
35 105.5
35 105.5
35 106.5
35 106.5
35 106.5
35 107.5
35 107.5
35 107.5
35 108.5
35 108.5
35 108.5
35 109.5
35 109.5
35 109.5
35 110.5
35 110.5
35 111.5
35 111.5
35 112.5
35 112.5
35 113.5
35 113.5
35 113.5
35 114.5
35 114.5
35 114.5
35 116.5
35 116.5
35 117.5
35 117.5
35 118.5
35 118.5
35 119.5
35 119.5
35 120.5
35 120.5
35 121.5
35 121.5
35 122.5
35 122.5
35 123.5
35 123.5
35 123.5
35 124.5
35 124.5
35 124.5
35 124.5
35 127.5
35 127.5
35 131.5
35 131.5
35 132.5
35 132.5
35 132.5
35 133.5
35 133.5
35 134.5
35 134.5
35 136.5
35 136.5
35 141.5
35 141.5
35 143.5
35 143.5
35 144.5
35 144.5
35 144.5
35 145.5
35 145.5
35 146.5
35 146.5
35 151.5
35 151.5
35 152.5
35 152.5
35 156.5
35 156.5
35 157.5
35 157.5
35 158.5
35 158.5
35 159.5
35 159.5
35 160.5
35 160.5
35 162.5
35 162.5
35 162.5
35 167.5
35 167.5
35 169.5
35 169.5
35 172.5
35 172.5
35 173.5
35 173.5
35 177.5
35 177.5
35 181.5
35 181.5
35 182.5
35 182.5
35 182.5
35 185.5
35 185.5
35 189.5
35 189.5
35 191.5
35 191.5
35 191.5
35 197.5
35 197.5
35 200.5
35 200.5
35 200.5
35 205.5
35 205.5
35 209.5
35 209.5
35 210.5
35 210.5
35 213.5
35 213.5
35 220.5
35 220.5
35 222.5
35 222.5
35 225.5
35 225.5
35 245.5
35 245.5
35 246.5
35 246.5
35 251.5
35 251.5
35 251.5
35 252.5
35 252.5
35 255.5
35 255.5
35 276.5
35 276.5
35 289.5
35 289.5
35 290.5
35 290.5
35 290.5
35 302.5
35 302.5
35 306.5
35 306.5
35 309.5
35 309.5
35 324.5
35 324.5
35 326.5
35 326.5
35 329.5
35 329.5
35 331.5
35 331.5
35 337.5
35 337.5
35 349.5
35 349.5
35 353.5
35 353.5
35 360.5
35 360.5
35 365.5
35 365.5
35 367.5
35 367.5
35 368.5
35 368.5
35 376.5
35 376.5
35 391.5
35 391.5
35 409.5
35 409.5
35 419.5
35 419.5
35 430.5
35 430.5
35 474.5
35 474.5
35 480.5
35 480.5
35 513.5
35 513.5
35 529.5
35 529.5
35 545.5
35 545.5
35 549.5
35 549.5
35 564.5
35 564.5
35 629.5
35 629.5
35 631.5
35 631.5
35 636.5
35 636.5
35 648.5
35 648.5
35 653.5
35 653.5
35 660.5
35 660.5
35 664.5
35 664.5
35 689.5
35 689.5
35 708.5
35 708.5
35 737.5
35 737.5
35 748.5
35 748.5
35 752.5
35 752.5
35 773.5
35 773.5
35 802.5
35 802.5
35 851.5
35 851.5
35 854.5
35 854.5
35 986.5
35 986.5
35 1121.5
35 1121.5
35 1191.5
35 1191.5
35 1203.5
35 1203.5
35 1236.5
35 1236.5
35 1315.5
35 1315.5
35 1372.5
35 1372.5
35 1540.5
35 1540.5
35 1579.5
35 1579.5
35 1995.5
35 1995.5
40 1.5
40 1.5
40 1.5
40 1.5
40 1.5
40 1.5
40 1.5
40 1.5
40 1.5
40 1.5
40 1.5
40 2.5
40 2.5
40 2.5
40 3.5
40 3.5
40 3.5
40 4.5
40 4.5
40 5.5
40 5.5
40 7.5
40 7.5
40 8.5
40 8.5
40 8.5
40 8.5
40 8.5
40 10.5
40 10.5
40 11.5
40 11.5
40 13.5
40 13.5
40 13.5
40 15.5
40 15.5
40 16.5
40 16.5
40 17.5
40 17.5
40 18.5
40 18.5
40 19.5
40 19.5
40 22.5
40 22.5
40 23.5
40 23.5
40 23.5
40 25.5
40 25.5
40 26.5
40 26.5
40 27.5
40 27.5
40 28.5
40 28.5
40 29.5
40 29.5
40 30.5
40 30.5
40 31.5
40 31.5
40 35.5
40 35.5
40 35.5
40 35.5
40 36.5
40 36.5
40 37.5
40 37.5
40 39.5
40 39.5
40 44.5
40 44.5
40 44.5
40 46.5
40 46.5
40 47.5
40 47.5
40 48.5
40 48.5
40 48.5
40 50.5
40 50.5
40 53.5
40 53.5
40 58.5
40 58.5
40 59.5
40 59.5
40 60.5
40 60.5
40 60.5
40 61.5
40 61.5
40 61.5
40 62.5
40 62.5
40 64.5
40 64.5
40 64.5
40 64.5
40 64.5
40 65.5
40 65.5
40 66.5
40 66.5
40 66.5
40 68.5
40 68.5
40 69.5
40 69.5
40 70.5
40 70.5
40 72.5
40 72.5
40 72.5
40 72.5
40 74.5
40 74.5
40 77.5
40 77.5
40 78.5
40 78.5
40 79.5
40 79.5
40 80.5
40 80.5
40 80.5
40 82.5
40 82.5
40 82.5
40 86.5
40 86.5
40 86.5
40 92.5
40 92.5
40 92.5
40 94.5
40 94.5
40 94.5
40 95.5
40 95.5
40 96.5
40 96.5
40 98.5
40 98.5
40 101.5
40 101.5
40 101.5
40 101.5
40 101.5
40 101.5
40 102.5
40 102.5
40 102.5
40 105.5
40 105.5
40 105.5
40 106.5
40 106.5
40 107.5
40 107.5
40 110.5
40 110.5
40 110.5
40 112.5
40 112.5
40 112.5
40 112.5
40 116.5
40 116.5
40 117.5
40 117.5
40 117.5
40 118.5
40 118.5
40 118.5
40 121.5
40 121.5
40 122.5
40 122.5
40 123.5
40 123.5
40 124.5
40 124.5
40 126.5
40 126.5
40 127.5
40 127.5
40 129.5
40 129.5
40 134.5
40 134.5
40 135.5
40 135.5
40 136.5
40 136.5
40 136.5
40 139.5
40 139.5
40 140.5
40 140.5
40 141.5
40 141.5
40 142.5
40 142.5
40 142.5
40 143.5
40 143.5
40 146.5
40 146.5
40 147.5
40 147.5
40 150.5
40 150.5
40 152.5
40 152.5
40 153.5
40 153.5
40 153.5
40 156.5
40 156.5
40 157.5
40 157.5
40 158.5
40 158.5
40 159.5
40 159.5
40 162.5
40 162.5
40 163.5
40 163.5
40 166.5
40 166.5
40 170.5
40 170.5
40 173.5
40 173.5
40 173.5
40 174.5
40 174.5
40 178.5
40 178.5
40 179.5
40 179.5
40 181.5
40 181.5
40 181.5
40 186.5
40 186.5
40 187.5
40 187.5
40 188.5
40 188.5
40 195.5
40 195.5
40 196.5
40 196.5
40 199.5
40 199.5
40 206.5
40 206.5
40 208.5
40 208.5
40 210.5
40 210.5
40 212.5
40 212.5
40 215.5
40 215.5
40 215.5
40 219.5
40 219.5
40 221.5
40 221.5
40 224.5
40 224.5
40 233.5
40 233.5
40 233.5
40 234.5
40 234.5
40 237.5
40 237.5
40 238.5
40 238.5
40 239.5
40 239.5
40 246.5
40 246.5
40 247.5
40 247.5
40 251.5
40 251.5
40 261.5
40 261.5
40 262.5
40 262.5
40 270.5
40 270.5
40 270.5
40 273.5
40 273.5
40 277.5
40 277.5
40 282.5
40 282.5
40 285.5
40 285.5
40 287.5
40 287.5
40 296.5
40 296.5
40 298.5
40 298.5
40 299.5
40 299.5
40 300.5
40 300.5
40 301.5
40 301.5
40 308.5
40 308.5
40 323.5
40 323.5
40 326.5
40 326.5
40 328.5
40 328.5
40 334.5
40 334.5
40 347.5
40 347.5
40 353.5
40 353.5
40 355.5
40 355.5
40 366.5
40 366.5
40 374.5
40 374.5
40 379.5
40 379.5
40 381.5
40 381.5
40 398.5
40 398.5
40 400.5
40 400.5
40 401.5
40 401.5
40 406.5
40 406.5
40 428.5
40 428.5
40 430.5
40 430.5
40 431.5
40 431.5
40 436.5
40 436.5
40 436.5
40 437.5
40 437.5
40 438.5
40 438.5
40 440.5
40 440.5
40 453.5
40 453.5
40 457.5
40 457.5
40 460.5
40 460.5
40 464.5
40 464.5
40 481.5
40 481.5
40 485.5
40 485.5
40 500.5
40 500.5
40 503.5
40 503.5
40 516.5
40 516.5
40 521.5
40 521.5
40 548.5
40 548.5
40 568.5
40 568.5
40 628.5
40 628.5
40 632.5
40 632.5
40 638.5
40 638.5
40 647.5
40 647.5
40 654.5
40 654.5
40 657.5
40 657.5
40 670.5
40 670.5
40 672.5
40 672.5
40 695.5
40 695.5
40 763.5
40 763.5
40 775.5
40 775.5
40 808.5
40 808.5
40 812.5
40 812.5
40 820.5
40 820.5
40 827.5
40 827.5
40 864.5
40 864.5
40 897.5
40 897.5
40 943.5
40 943.5
40 1011.5
40 1011.5
40 1043.5
40 1043.5
40 1051.5
40 1051.5
40 1063.5
40 1063.5
40 1091.5
40 1091.5
40 1105.5
40 1105.5
40 1116.5
40 1116.5
40 1132.5
40 1132.5
40 1138.5
40 1138.5
40 1169.5
40 1169.5
40 1176.5
40 1176.5
40 1178.5
40 1178.5
40 1206.5
40 1206.5
40 1207.5
40 1207.5
40 1209.5
40 1209.5
40 1323.5
40 1323.5
40 1471.5
40 1471.5
40 1540.5
40 1540.5
40 1635.5
40 1635.5
40 1761.5
40 1761.5
40 1762.5
40 1762.5
40 1784.5
40 1784.5
40 1833.5
40 1833.5
40 1986.5
40 1986.5
45 1.5
45 1.5
45 1.5
45 1.5
45 1.5
45 1.5
45 1.5
45 1.5
45 1.5
45 1.5
45 1.5
45 3.5
45 3.5
45 4.5
45 4.5
45 4.5
45 6.5
45 6.5
45 8.5
45 8.5
45 10.5
45 10.5
45 10.5
45 12.5
45 12.5
45 18.5
45 18.5
45 21.5
45 21.5
45 24.5
45 24.5
45 25.5
45 25.5
45 25.5
45 27.5
45 27.5
45 28.5
45 28.5
45 28.5
45 28.5
45 29.5
45 29.5
45 32.5
45 32.5
45 33.5
45 33.5
45 34.5
45 34.5
45 37.5
45 37.5
45 40.5
45 40.5
45 40.5
45 41.5
45 41.5
45 41.5
45 42.5
45 42.5
45 44.5
45 44.5
45 45.5
45 45.5
45 46.5
45 46.5
45 49.5
45 49.5
45 49.5
45 50.5
45 50.5
45 50.5
45 52.5
45 52.5
45 54.5
45 54.5
45 54.5
45 55.5
45 55.5
45 56.5
45 56.5
45 59.5
45 59.5
45 63.5
45 63.5
45 65.5
45 65.5
45 65.5
45 65.5
45 68.5
45 68.5
45 68.5
45 71.5
45 71.5
45 74.5
45 74.5
45 74.5
45 75.5
45 75.5
45 75.5
45 76.5
45 76.5
45 77.5
45 77.5
45 78.5
45 78.5
45 78.5
45 79.5
45 79.5
45 81.5
45 81.5
45 82.5
45 82.5
45 82.5
45 84.5
45 84.5
45 90.5
45 90.5
45 92.5
45 92.5
45 96.5
45 96.5
45 97.5
45 97.5
45 97.5
45 100.5
45 100.5
45 102.5
45 102.5
45 102.5
45 102.5
45 104.5
45 104.5
45 105.5
45 105.5
45 107.5
45 107.5
45 108.5
45 108.5
45 108.5
45 110.5
45 110.5
45 113.5
45 113.5
45 114.5
45 114.5
45 114.5
45 117.5
45 117.5
45 117.5
45 119.5
45 119.5
45 120.5
45 120.5
45 120.5
45 120.5
45 124.5
45 124.5
45 128.5
45 128.5
45 130.5
45 130.5
45 133.5
45 133.5
45 135.5
45 135.5
45 135.5
45 136.5
45 136.5
45 137.5
45 137.5
45 137.5
45 137.5
45 141.5
45 141.5
45 141.5
45 141.5
45 147.5
45 147.5
45 148.5
45 148.5
45 149.5
45 149.5
45 149.5
45 149.5
45 150.5
45 150.5
45 151.5
45 151.5
45 152.5
45 152.5
45 155.5
45 155.5
45 155.5
45 161.5
45 161.5
45 161.5
45 166.5
45 166.5
45 170.5
45 170.5
45 171.5
45 171.5
45 172.5
45 172.5
45 175.5
45 175.5
45 176.5
45 176.5
45 180.5
45 180.5
45 184.5
45 184.5
45 185.5
45 185.5
45 185.5
45 188.5
45 188.5
45 190.5
45 190.5
45 190.5
45 195.5
45 195.5
45 198.5
45 198.5
45 204.5
45 204.5
45 210.5
45 210.5
45 212.5
45 212.5
45 213.5
45 213.5
45 214.5
45 214.5
45 215.5
45 215.5
45 218.5
45 218.5
45 220.5
45 220.5
45 221.5
45 221.5
45 225.5
45 225.5
45 226.5
45 226.5
45 227.5
45 227.5
45 228.5
45 228.5
45 228.5
45 233.5
45 233.5
45 237.5
45 237.5
45 239.5
45 239.5
45 244.5
45 244.5
45 244.5
45 247.5
45 247.5
45 251.5
45 251.5
45 252.5
45 252.5
45 255.5
45 255.5
45 257.5
45 257.5
45 262.5
45 262.5
45 262.5
45 263.5
45 263.5
45 271.5
45 271.5
45 274.5
45 274.5
45 278.5
45 278.5
45 280.5
45 280.5
45 296.5
45 296.5
45 297.5
45 297.5
45 307.5
45 307.5
45 327.5
45 327.5
45 328.5
45 328.5
45 329.5
45 329.5
45 329.5
45 332.5
45 332.5
45 334.5
45 334.5
45 334.5
45 343.5
45 343.5
45 364.5
45 364.5
45 366.5
45 366.5
45 366.5
45 368.5
45 368.5
45 377.5
45 377.5
45 381.5
45 381.5
45 385.5
45 385.5
45 392.5
45 392.5
45 397.5
45 397.5
45 421.5
45 421.5
45 425.5
45 425.5
45 425.5
45 435.5
45 435.5
45 437.5
45 437.5
45 440.5
45 440.5
45 442.5
45 442.5
45 455.5
45 455.5
45 456.5
45 456.5
45 469.5
45 469.5
45 474.5
45 474.5
45 486.5
45 486.5
45 493.5
45 493.5
45 523.5
45 523.5
45 536.5
45 536.5
45 540.5
45 540.5
45 569.5
45 569.5
45 594.5
45 594.5
45 603.5
45 603.5
45 620.5
45 620.5
45 635.5
45 635.5
45 635.5
45 662.5
45 662.5
45 665.5
45 665.5
45 678.5
45 678.5
45 709.5
45 709.5
45 768.5
45 768.5
45 793.5
45 793.5
45 801.5
45 801.5
45 828.5
45 828.5
45 898.5
45 898.5
45 905.5
45 905.5
45 914.5
45 914.5
45 924.5
45 924.5
45 951.5
45 951.5
45 1007.5
45 1007.5
45 1109.5
45 1109.5
45 1199.5
45 1199.5
45 1353.5
45 1353.5
45 1358.5
45 1358.5
45 1408.5
45 1408.5
45 1516.5
45 1516.5
45 1536.5
45 1536.5
45 1539.5
45 1539.5
45 1595.5
45 1595.5
45 1852.5
45 1852.5
45 1858.5
45 1858.5
45 1876.5
45 1876.5
45 1914.5
45 1914.5
50 1.5
50 1.5
50 1.5
50 1.5
50 1.5
50 1.5
50 1.5
50 1.5
50 1.5
50 1.5
50 1.5
50 1.5
50 1.5
50 3.5
50 3.5
50 3.5
50 6.5
50 6.5
50 9.5
50 9.5
50 12.5
50 12.5
50 13.5
50 13.5
50 14.5
50 14.5
50 15.5
50 15.5
50 16.5
50 16.5
50 18.5
50 18.5
50 24.5
50 24.5
50 24.5
50 24.5
50 25.5
50 25.5
50 26.5
50 26.5
50 27.5
50 27.5
50 27.5
50 28.5
50 28.5
50 30.5
50 30.5
50 33.5
50 33.5
50 33.5
50 36.5
50 36.5
50 37.5
50 37.5
50 39.5
50 39.5
50 40.5
50 40.5
50 41.5
50 41.5
50 43.5
50 43.5
50 43.5
50 45.5
50 45.5
50 51.5
50 51.5
50 53.5
50 53.5
50 55.5
50 55.5
50 55.5
50 57.5
50 57.5
50 59.5
50 59.5
50 60.5
50 60.5
50 61.5
50 61.5
50 63.5
50 63.5
50 64.5
50 64.5
50 64.5
50 65.5
50 65.5
50 66.5
50 66.5
50 67.5
50 67.5
50 67.5
50 71.5
50 71.5
50 72.5
50 72.5
50 77.5
50 77.5
50 84.5
50 84.5
50 85.5
50 85.5
50 86.5
50 86.5
50 90.5
50 90.5
50 92.5
50 92.5
50 93.5
50 93.5
50 95.5
50 95.5
50 100.5
50 100.5
50 100.5
50 101.5
50 101.5
50 102.5
50 102.5
50 102.5
50 103.5
50 103.5
50 104.5
50 104.5
50 106.5
50 106.5
50 107.5
50 107.5
50 109.5
50 109.5
50 110.5
50 110.5
50 111.5
50 111.5
50 112.5
50 112.5
50 114.5
50 114.5
50 116.5
50 116.5
50 122.5
50 122.5
50 122.5
50 126.5
50 126.5
50 126.5
50 127.5
50 127.5
50 127.5
50 131.5
50 131.5
50 131.5
50 133.5
50 133.5
50 134.5
50 134.5
50 138.5
50 138.5
50 142.5
50 142.5
50 144.5
50 144.5
50 146.5
50 146.5
50 150.5
50 150.5
50 150.5
50 152.5
50 152.5
50 153.5
50 153.5
50 161.5
50 161.5
50 163.5
50 163.5
50 164.5
50 164.5
50 168.5
50 168.5
50 170.5
50 170.5
50 170.5
50 171.5
50 171.5
50 173.5
50 173.5
50 175.5
50 175.5
50 182.5
50 182.5
50 183.5
50 183.5
50 183.5
50 186.5
50 186.5
50 186.5
50 187.5
50 187.5
50 187.5
50 188.5
50 188.5
50 189.5
50 189.5
50 189.5
50 191.5
50 191.5
50 194.5
50 194.5
50 195.5
50 195.5
50 203.5
50 203.5
50 204.5
50 204.5
50 207.5
50 207.5
50 212.5
50 212.5
50 213.5
50 213.5
50 216.5
50 216.5
50 218.5
50 218.5
50 220.5
50 220.5
50 228.5
50 228.5
50 230.5
50 230.5
50 230.5
50 232.5
50 232.5
50 232.5
50 235.5
50 235.5
50 237.5
50 237.5
50 239.5
50 239.5
50 241.5
50 241.5
50 249.5
50 249.5
50 249.5
50 249.5
50 255.5
50 255.5
50 265.5
50 265.5
50 267.5
50 267.5
50 267.5
50 267.5
50 269.5
50 269.5
50 278.5
50 278.5
50 282.5
50 282.5
50 286.5
50 286.5
50 292.5
50 292.5
50 294.5
50 294.5
50 298.5
50 298.5
50 303.5
50 303.5
50 308.5
50 308.5
50 309.5
50 309.5
50 313.5
50 313.5
50 314.5
50 314.5
50 323.5
50 323.5
50 329.5
50 329.5
50 337.5
50 337.5
50 337.5
50 339.5
50 339.5
50 344.5
50 344.5
50 345.5
50 345.5
50 354.5
50 354.5
50 357.5
50 357.5
50 360.5
50 360.5
50 361.5
50 361.5
50 363.5
50 363.5
50 371.5
50 371.5
50 372.5
50 372.5
50 373.5
50 373.5
50 375.5
50 375.5
50 377.5
50 377.5
50 392.5
50 392.5
50 400.5
50 400.5
50 405.5
50 405.5
50 408.5
50 408.5
50 425.5
50 425.5
50 440.5
50 440.5
50 446.5
50 446.5
50 450.5
50 450.5
50 453.5
50 453.5
50 454.5
50 454.5
50 473.5
50 473.5
50 475.5
50 475.5
50 487.5
50 487.5
50 501.5
50 501.5
50 502.5
50 502.5
50 520.5
50 520.5
50 523.5
50 523.5
50 541.5
50 541.5
50 542.5
50 542.5
50 554.5
50 554.5
50 556.5
50 556.5
50 558.5
50 558.5
50 571.5
50 571.5
50 620.5
50 620.5
50 626.5
50 626.5
50 655.5
50 655.5
50 656.5
50 656.5
50 674.5
50 674.5
50 678.5
50 678.5
50 715.5
50 715.5
50 724.5
50 724.5
50 727.5
50 727.5
50 783.5
50 783.5
50 792.5
50 792.5
50 800.5
50 800.5
50 839.5
50 839.5
50 860.5
50 860.5
50 868.5
50 868.5
50 875.5
50 875.5
50 1027.5
50 1027.5
50 1050.5
50 1050.5
50 1054.5
50 1054.5
50 1090.5
50 1090.5
50 1097.5
50 1097.5
50 1108.5
50 1108.5
50 1162.5
50 1162.5
50 1195.5
50 1195.5
50 1217.5
50 1217.5
50 1234.5
50 1234.5
50 1272.5
50 1272.5
50 1281.5
50 1281.5
50 1366.5
50 1366.5
50 1418.5
50 1418.5
50 1508.5
50 1508.5
50 1529.5
50 1529.5
50 1561.5
50 1561.5
50 1662.5
50 1662.5
50 1749.5
50 1749.5
50 1796.5
50 1796.5
50 1867.5
50 1867.5
50 1888.5
50 1888.5
50 1892.5
50 1892.5
50 1998.5
50 1998.5
55 1.5
55 1.5
55 1.5
55 1.5
55 1.5
55 1.5
55 1.5
55 1.5
55 1.5
55 1.5
55 1.5
55 1.5
55 1.5
55 2.5
55 2.5
55 3.5
55 3.5
55 6.5
55 6.5
55 7.5
55 7.5
55 8.5
55 8.5
55 9.5
55 9.5
55 9.5
55 12.5
55 12.5
55 13.5
55 13.5
55 16.5
55 16.5
55 21.5
55 21.5
55 21.5
55 25.5
55 25.5
55 27.5
55 27.5
55 29.5
55 29.5
55 32.5
55 32.5
55 33.5
55 33.5
55 36.5
55 36.5
55 37.5
55 37.5
55 40.5
55 40.5
55 42.5
55 42.5
55 43.5
55 43.5
55 43.5
55 45.5
55 45.5
55 46.5
55 46.5
55 46.5
55 54.5
55 54.5
55 57.5
55 57.5
55 57.5
55 58.5
55 58.5
55 58.5
55 58.5
55 62.5
55 62.5
55 64.5
55 64.5
55 68.5
55 68.5
55 72.5
55 72.5
55 72.5
55 77.5
55 77.5
55 83.5
55 83.5
55 83.5
55 86.5
55 86.5
55 87.5
55 87.5
55 88.5
55 88.5
55 92.5
55 92.5
55 97.5
55 97.5
55 109.5
55 109.5
55 112.5
55 112.5
55 115.5
55 115.5
55 115.5
55 116.5
55 116.5
55 118.5
55 118.5
55 122.5
55 122.5
55 122.5
55 124.5
55 124.5
55 126.5
55 126.5
55 127.5
55 127.5
55 130.5
55 130.5
55 132.5
55 132.5
55 134.5
55 134.5
55 135.5
55 135.5
55 135.5
55 136.5
55 136.5
55 146.5
55 146.5
55 146.5
55 147.5
55 147.5
55 148.5
55 148.5
55 148.5
55 150.5
55 150.5
55 150.5
55 153.5
55 153.5
55 155.5
55 155.5
55 156.5
55 156.5
55 157.5
55 157.5
55 157.5
55 158.5
55 158.5
55 159.5
55 159.5
55 160.5
55 160.5
55 160.5
55 164.5
55 164.5
55 166.5
55 166.5
55 173.5
55 173.5
55 176.5
55 176.5
55 179.5
55 179.5
55 180.5
55 180.5
55 181.5
55 181.5
55 182.5
55 182.5
55 183.5
55 183.5
55 183.5
55 184.5
55 184.5
55 190.5
55 190.5
55 191.5
55 191.5
55 191.5
55 193.5
55 193.5
55 194.5
55 194.5
55 201.5
55 201.5
55 204.5
55 204.5
55 208.5
55 208.5
55 209.5
55 209.5
55 211.5
55 211.5
55 211.5
55 215.5
55 215.5
55 216.5
55 216.5
55 218.5
55 218.5
55 219.5
55 219.5
55 220.5
55 220.5
55 222.5
55 222.5
55 225.5
55 225.5
55 226.5
55 226.5
55 228.5
55 228.5
55 235.5
55 235.5
55 237.5
55 237.5
55 239.5
55 239.5
55 239.5
55 240.5
55 240.5
55 241.5
55 241.5
55 244.5
55 244.5
55 247.5
55 247.5
55 248.5
55 248.5
55 253.5
55 253.5
55 266.5
55 266.5
55 268.5
55 268.5
55 269.5
55 269.5
55 273.5
55 273.5
55 273.5
55 273.5
55 282.5
55 282.5
55 286.5
55 286.5
55 289.5
55 289.5
55 292.5
55 292.5
55 296.5
55 296.5
55 297.5
55 297.5
55 300.5
55 300.5
55 302.5
55 302.5
55 303.5
55 303.5
55 307.5
55 307.5
55 308.5
55 308.5
55 310.5
55 310.5
55 310.5
55 311.5
55 311.5
55 312.5
55 312.5
55 317.5
55 317.5
55 317.5
55 326.5
55 326.5
55 327.5
55 327.5
55 334.5
55 334.5
55 334.5
55 336.5
55 336.5
55 337.5
55 337.5
55 342.5
55 342.5
55 343.5
55 343.5
55 345.5
55 345.5
55 346.5
55 346.5
55 355.5
55 355.5
55 374.5
55 374.5
55 377.5
55 377.5
55 382.5
55 382.5
55 385.5
55 385.5
55 390.5
55 390.5
55 396.5
55 396.5
55 397.5
55 397.5
55 405.5
55 405.5
55 409.5
55 409.5
55 427.5
55 427.5
55 435.5
55 435.5
55 440.5
55 440.5
55 444.5
55 444.5
55 448.5
55 448.5
55 450.5
55 450.5
55 452.5
55 452.5
55 473.5
55 473.5
55 480.5
55 480.5
55 482.5
55 482.5
55 486.5
55 486.5
55 488.5
55 488.5
55 492.5
55 492.5
55 498.5
55 498.5
55 499.5
55 499.5
55 500.5
55 500.5
55 504.5
55 504.5
55 505.5
55 505.5
55 507.5
55 507.5
55 540.5
55 540.5
55 562.5
55 562.5
55 571.5
55 571.5
55 572.5
55 572.5
55 574.5
55 574.5
55 578.5
55 578.5
55 581.5
55 581.5
55 589.5
55 589.5
55 589.5
55 591.5
55 591.5
55 606.5
55 606.5
55 643.5
55 643.5
55 649.5
55 649.5
55 654.5
55 654.5
55 654.5
55 656.5
55 656.5
55 666.5
55 666.5
55 668.5
55 668.5
55 674.5
55 674.5
55 680.5
55 680.5
55 683.5
55 683.5
55 685.5
55 685.5
55 688.5
55 688.5
55 701.5
55 701.5
55 706.5
55 706.5
55 718.5
55 718.5
55 733.5
55 733.5
55 733.5
55 740.5
55 740.5
55 755.5
55 755.5
55 758.5
55 758.5
55 791.5
55 791.5
55 800.5
55 800.5
55 832.5
55 832.5
55 850.5
55 850.5
55 860.5
55 860.5
55 877.5
55 877.5
55 919.5
55 919.5
55 934.5
55 934.5
55 942.5
55 942.5
55 945.5
55 945.5
55 1010.5
55 1010.5
55 1070.5
55 1070.5
55 1089.5
55 1089.5
55 1098.5
55 1098.5
55 1207.5
55 1207.5
55 1275.5
55 1275.5
55 1276.5
55 1276.5
55 1290.5
55 1290.5
55 1309.5
55 1309.5
55 1367.5
55 1367.5
55 1371.5
55 1371.5
55 1381.5
55 1381.5
55 1385.5
55 1385.5
55 1390.5
55 1390.5
55 1400.5
55 1400.5
55 1672.5
55 1672.5
55 1678.5
55 1678.5
55 1772.5
55 1772.5
55 1809.5
55 1809.5
55 1907.5
55 1907.5
60 1.5
60 1.5
60 1.5
60 1.5
60 1.5
60 1.5
60 1.5
60 1.5
60 1.5
60 1.5
60 1.5
60 1.5
60 1.5
60 1.5
60 3.5
60 3.5
60 3.5
60 3.5
60 5.5
60 5.5
60 8.5
60 8.5
60 8.5
60 12.5
60 12.5
60 14.5
60 14.5
60 21.5
60 21.5
60 22.5
60 22.5
60 23.5
60 23.5
60 24.5
60 24.5
60 28.5
60 28.5
60 30.5
60 30.5
60 33.5
60 33.5
60 38.5
60 38.5
60 39.5
60 39.5
60 39.5
60 41.5
60 41.5
60 41.5
60 42.5
60 42.5
60 43.5
60 43.5
60 48.5
60 48.5
60 53.5
60 53.5
60 55.5
60 55.5
60 58.5
60 58.5
60 60.5
60 60.5
60 62.5
60 62.5
60 64.5
60 64.5
60 64.5
60 64.5
60 66.5
60 66.5
60 68.5
60 68.5
60 69.5
60 69.5
60 74.5
60 74.5
60 75.5
60 75.5
60 76.5
60 76.5
60 80.5
60 80.5
60 80.5
60 81.5
60 81.5
60 82.5
60 82.5
60 90.5
60 90.5
60 95.5
60 95.5
60 95.5
60 96.5
60 96.5
60 104.5
60 104.5
60 104.5
60 109.5
60 109.5
60 110.5
60 110.5
60 111.5
60 111.5
60 112.5
60 112.5
60 114.5
60 114.5
60 116.5
60 116.5
60 124.5
60 124.5
60 125.5
60 125.5
60 129.5
60 129.5
60 133.5
60 133.5
60 135.5
60 135.5
60 136.5
60 136.5
60 137.5
60 137.5
60 141.5
60 141.5
60 143.5
60 143.5
60 143.5
60 145.5
60 145.5
60 146.5
60 146.5
60 147.5
60 147.5
60 147.5
60 161.5
60 161.5
60 163.5
60 163.5
60 163.5
60 163.5
60 165.5
60 165.5
60 169.5
60 169.5
60 172.5
60 172.5
60 173.5
60 173.5
60 177.5
60 177.5
60 178.5
60 178.5
60 179.5
60 179.5
60 179.5
60 179.5
60 180.5
60 180.5
60 181.5
60 181.5
60 183.5
60 183.5
60 192.5
60 192.5
60 194.5
60 194.5
60 194.5
60 200.5
60 200.5
60 204.5
60 204.5
60 206.5
60 206.5
60 208.5
60 208.5
60 210.5
60 210.5
60 211.5
60 211.5
60 211.5
60 213.5
60 213.5
60 213.5
60 214.5
60 214.5
60 218.5
60 218.5
60 218.5
60 220.5
60 220.5
60 223.5
60 223.5
60 223.5
60 226.5
60 226.5
60 227.5
60 227.5
60 229.5
60 229.5
60 229.5
60 231.5
60 231.5
60 236.5
60 236.5
60 240.5
60 240.5
60 245.5
60 245.5
60 245.5
60 249.5
60 249.5
60 250.5
60 250.5
60 253.5
60 253.5
60 254.5
60 254.5
60 255.5
60 255.5
60 258.5
60 258.5
60 260.5
60 260.5
60 273.5
60 273.5
60 279.5
60 279.5
60 280.5
60 280.5
60 284.5
60 284.5
60 286.5
60 286.5
60 288.5
60 288.5
60 288.5
60 289.5
60 289.5
60 290.5
60 290.5
60 291.5
60 291.5
60 294.5
60 294.5
60 307.5
60 307.5
60 308.5
60 308.5
60 310.5
60 310.5
60 310.5
60 311.5
60 311.5
60 329.5
60 329.5
60 335.5
60 335.5
60 343.5
60 343.5
60 343.5
60 349.5
60 349.5
60 359.5
60 359.5
60 363.5
60 363.5
60 368.5
60 368.5
60 370.5
60 370.5
60 373.5
60 373.5
60 373.5
60 384.5
60 384.5
60 390.5
60 390.5
60 394.5
60 394.5
60 398.5
60 398.5
60 400.5
60 400.5
60 405.5
60 405.5
60 408.5
60 408.5
60 410.5
60 410.5
60 415.5
60 415.5
60 418.5
60 418.5
60 419.5
60 419.5
60 425.5
60 425.5
60 426.5
60 426.5
60 428.5
60 428.5
60 430.5
60 430.5
60 448.5
60 448.5
60 448.5
60 450.5
60 450.5
60 451.5
60 451.5
60 452.5
60 452.5
60 454.5
60 454.5
60 455.5
60 455.5
60 456.5
60 456.5
60 469.5
60 469.5
60 482.5
60 482.5
60 485.5
60 485.5
60 486.5
60 486.5
60 493.5
60 493.5
60 501.5
60 501.5
60 503.5
60 503.5
60 514.5
60 514.5
60 534.5
60 534.5
60 536.5
60 536.5
60 562.5
60 562.5
60 564.5
60 564.5
60 565.5
60 565.5
60 567.5
60 567.5
60 574.5
60 574.5
60 592.5
60 592.5
60 620.5
60 620.5
60 621.5
60 621.5
60 642.5
60 642.5
60 653.5
60 653.5
60 661.5
60 661.5
60 668.5
60 668.5
60 673.5
60 673.5
60 703.5
60 703.5
60 704.5
60 704.5
60 706.5
60 706.5
60 730.5
60 730.5
60 732.5
60 732.5
60 738.5
60 738.5
60 753.5
60 753.5
60 789.5
60 789.5
60 817.5
60 817.5
60 829.5
60 829.5
60 853.5
60 853.5
60 871.5
60 871.5
60 875.5
60 875.5
60 917.5
60 917.5
60 938.5
60 938.5
60 961.5
60 961.5
60 968.5
60 968.5
60 1008.5
60 1008.5
60 1041.5
60 1041.5
60 1074.5
60 1074.5
60 1080.5
60 1080.5
60 1082.5
60 1082.5
60 1184.5
60 1184.5
60 1265.5
60 1265.5
60 1276.5
60 1276.5
60 1356.5
60 1356.5
60 1360.5
60 1360.5
60 1415.5
60 1415.5
60 1440.5
60 1440.5
60 1486.5
60 1486.5
60 1515.5
60 1515.5
60 1657.5
60 1657.5
60 1670.5
60 1670.5
60 1674.5
60 1674.5
60 1735.5
60 1735.5
60 1795.5
60 1795.5
60 1833.5
60 1833.5
