25 0.0357298 0 0.00401832
50 0.0473171 0 0.0128727
75 0.128043 0 0.0684186
100 0.0371049 0 0.00211501
125 0.0397659 0 0.00297699
150 0.0583804 0 0.0219492
175 0.0437497 0 0.00352946
200 0.0409814 0 0.00339177
225 0.0438762 0 0.00294289
250 0.0374657 0 0.00212929
275 0.0469798 0 0.00399699
300 0.0383334 0 0.00220838
325 0.0476074 0 0.00483406
350 0.0438313 0 0.00530435
375 0.0812553 0 0.0424212
400 0.0461231 0 0.00326122
425 0.0733559 0 0.0254127
450 0.0416715 0 0.00298641
475 0.045784 0 0.00334841
500 0.038531 0 0.00217043
525 0.0403129 0 0.00261502
550 0.0404336 0 0.00220905
575 0.0433475 0 0.00362655
600 0.0410252 0 0.00216908
625 0.044197 0 0.0032279
650 0.0426316 0 0.00303339
