25 92.8731 0 11.8861
50 61.4745 0 9.36251
75 53.7905 0 9.91407
100 54.6722 0 9.27945
125 28.9835 0 6.44046
150 17.8513 0 4.66726
175 26.5844 0 6.29151
200 14.0343 0 4.27718
225 17.5486 0 6.50885
250 5.86519 0 2.30354
275 4.75904 0 1.80522
300 1.52705 0 0.334989
325 2.402 0 1.02318
350 0.716 0 0.151363
375 0.63 0 0.109737
400 0.802 0 0.203208
425 0.908 0 0.537988
450 0.845691 0 0.549029
475 0.406 0 0.217831
500 1.784 0 1.16074
525 0.142 0 0.0790169
550 0.198 0 0.122693
575 0.186 0 0.0651061
600 0.304 0 0.236218
625 0.038 0 0.0106354
650 0.028 0 0.00790139
