25 0.387554 0 0.00792667
50 0.397947 0 0.00733106
75 0.393483 0 0.00694663
100 0.396397 0 0.00696557
125 0.398426 0 0.00658731
150 0.396666 0 0.00647499
175 0.399721 0 0.00651973
200 0.405289 0 0.00606137
225 0.396754 0 0.00637181
250 0.3954 0 0.00613977
275 0.401607 0 0.00624996
300 0.403551 0 0.00616563
325 0.39237 0 0.00614025
350 0.403624 0 0.00620513
375 0.394152 0 0.00614027
400 0.397995 0 0.00616528
425 0.383711 0 0.00635987
450 0.402084 0 0.00575302
475 0.396891 0 0.00622537
500 0.399619 0 0.00622164
525 0.395315 0 0.00608784
550 0.394854 0 0.00636406
575 0.386134 0 0.00637158
600 0.391634 0 0.00617964
625 0.387564 0 0.00598734
650 0.394369 0 0.00623802
