25 3.542 0 0.0986736
50 3.534 0 0.101949
75 3.652 0 0.0963213
100 3.826 0 0.102954
125 3.708 0 0.0993452
150 3.534 0 0.0928746
175 3.74 0 0.0965443
200 3.746 0 0.0947152
225 3.712 0 0.0963022
250 3.738 0 0.0959308
275 3.63 0 0.0929634
300 3.808 0 0.0954477
325 3.702 0 0.0963867
350 3.804 0 0.0925374
375 3.742 0 0.0945668
400 3.616 0 0.0941546
425 3.556 0 0.0931114
450 3.672 0 0.0935138
475 3.602 0 0.0900177
500 3.776 0 0.0947188
525 3.698 0 0.0892053
550 3.748 0 0.0927415
575 3.674 0 0.0959554
600 3.67 0 0.0949221
625 3.576 0 0.0919589
650 3.658 0 0.0927042
