25 7591.78 0 155.275
50 7794.18 0 143.576
75 7701.69 0 135.968
100 7765.02 0 136.449
125 7804.76 0 129.039
150 7770.28 0 126.838
175 7830.13 0 127.715
200 7925.88 0 119.764
225 7772.01 0 124.817
250 7745.48 0 120.272
275 7867.06 0 122.43
300 7905.15 0 120.778
325 7685.01 0 120.321
350 7899.69 0 121.509
375 7716.93 0 120.195
400 7796.32 0 120.772
425 7513.2 0 124.671
450 7863.84 0 113.746
475 7774.7 0 121.949
500 7815.79 0 122.831
525 7743.81 0 119.255
550 7734.53 0 124.656
575 7563.97 0 124.813
600 7671.71 0 121.053
625 7591.99 0 117.286
650 7725.28 0 122.197
