25 39.4887 0 0.840958
50 45.8014 0 1.02162
75 47.5329 0 1.14778
100 53.1695 0 1.26467
125 52.0995 0 1.39085
150 53.6952 0 1.54418
175 58.5223 0 1.58578
200 54.2257 0 1.54467
225 59.9698 0 1.66934
250 59.8917 0 1.73252
275 56.8074 0 1.70036
300 60.1573 0 1.80403
325 60.8796 0 1.76177
350 54.9919 0 1.65266
375 61.9918 0 1.91044
400 66.7524 0 2.10558
425 63.4498 0 1.89778
450 58.3824 0 1.93344
475 54.6053 0 1.7247
500 60.0267 0 1.91882
525 59.1401 0 1.87059
550 63.5231 0 1.97874
575 64.4065 0 2.24563
600 66.8573 0 2.10906
625 66.2918 0 2.03899
650 61.0597 0 1.85917
