25 3213.86 0 239.375
50 3504.5 0 249.271
75 3698.78 0 240.524
100 4781.75 0 266.625
125 4315.89 0 258.412
150 4195.61 0 259.495
175 5010.28 0 278.331
200 4485.56 0 265.772
225 5359.23 0 276.669
250 4982.06 0 281.807
275 5238.57 0 286.326
300 5061.16 0 277.477
325 5428.82 0 282.063
350 5006.65 0 282.84
375 5508.08 0 292.058
400 5479.75 0 284.523
425 5557.34 0 289.942
450 4840.46 0 276.953
475 5409.32 0 284.904
500 5256.83 0 282.41
525 5353.23 0 281.877
550 5420.3 0 286.998
575 5222.16 0 282.431
600 5447.33 0 283.585
625 5438.47 0 282.509
650 5471.82 0 289.774
